1 0 1471
2 1471 1962
3 3433 1731
4 5164 2590
5 7754 4884
6 12638 1375
7 14013 3977
8 17990 2132
9 20122 3980
10 24102 1819
11 25921 3223
12 29144 1548
13 30692 939
14 31631 1016
15 32647 7337
16 39984 1430
17 41414 3743
18 45157 2141
19 47298 3349
20 50647 3555
21 54202 10095
22 64297 7873
23 72170 5777
24 77947 5445
25 83392 2119
26 85511 3690
27 89201 12386
28 101587 5651
29 107238 8035
30 115273 1487
31 116760 2939
32 119699 3806
33 123505 13511
34 137016 4754
35 141770 5734
36 147504 3066
37 150570 5844
38 156414 2833
39 159247 3383
40 162630 3613
41 166243 6967
42 173210 4664
43 177874 10050
44 187924 1477
45 189401 3029
46 192430 2427
47 194857 2148
48 197005 2456
49 199461 13121
50 212582 2548
51 215130 2816
52 217946 2389
53 220335 1821
54 222156 2042
55 224198 1577
56 225775 2096
57 227871 9940
58 237811 4771
59 242582 7948
60 250530 4908
61 255438 8671
62 264109 4731
63 268840 2643
64 271483 3965
65 275448 1932
66 277380 7577
67 284957 6068
68 291025 1627
69 292652 4408
70 297060 1948
71 299008 956
72 299964 1476
73 301440 875
74 302315 1214
75 303529 4050
76 307579 10302
77 317881 3544
78 321425 3328
79 324753 4372
80 329125 3835
81 332960 18113
82 351073 7614
83 358687 1790
84 360477 2131
85 362608 1780
86 364388 1727
87 366115 1284
88 367399 2088
89 369487 1151
90 370638 1387
91 372025 979
92 373004 1831
93 374835 3427
94 378262 4937
95 383199 3599
96 386798 8115
97 394913 6515
98 401428 2553
99 403981 1226
100 405207 4557
101 409764 1914
102 411678 2808
103 414486 4979
104 419465 3867
105 423332 30556
106 453888 2742
107 456630 3689
108 460319 4412
109 464731 6380
110 471111 5074
111 476185 7056
112 483241 964
113 484205 3426
114 487631 1914
115 489545 2307
116 491852 1291
117 493143 3856
118 496999 1372
119 498371 3062
120 501433 1418
121 502851 1804
122 504655 2382
123 507037 12552
124 519589 4575
125 524164 7218
126 531382 1399
127 532781 1722
128 534503 1585
129 536088 2819
130 538907 20013
131 558920 3018
132 561938 2426
133 564364 5170
134 569534 2142
135 571676 2291
136 573967 1202
137 575169 11589
138 586758 6083
139 592841 4994
140 597835 546
141 598381 1391
142 599772 2427
143 602199 2216
144 604415 1191
145 605606 1683
146 607289 1756
147 609045 5730
148 614775 2639
149 617414 792
150 618206 1042
151 619248 2034
152 621282 2750
153 624032 4442
154 628474 5830
155 634304 5395
156 639699 2803
157 642502 4279
158 646781 2465
159 649246 1497
160 650743 2508
161 653251 691
162 653942 4394
163 658336 5559
164 663895 2215
165 666110 2871
166 668981 3214
167 672195 642
168 672837 1476
169 674313 7212
170 681525 8940
171 690465 5048
172 695513 2828
173 698341 6295
174 704636 1120
175 705756 904
176 706660 956
177 707616 6282
178 713898 3084
179 716982 1955
180 718937 3675
181 722612 29816
182 752428 15760
183 768188 10824
184 779012 23732
185 802744 2944
186 805688 3688
187 809376 4130
188 813506 4362
189 817868 2982
190 820850 1917
191 822767 3391
192 826158 5755
193 831913 3178
194 835091 2899
195 837990 9531
196 847521 17279
197 864800 1210
198 866010 2396
199 868406 6072
200 874478 2679
201 877157 8068
202 885225 2703
203 887928 4858
204 892786 2513
205 895299 4260
206 899559 3475
207 903034 2542
208 905576 2329
209 907905 2586
210 910491 3085
211 913576 6990
212 920566 4368
213 924934 858
214 925792 2588
215 928380 9506
216 937886 5701
217 943587 2311
218 945898 2282
219 948180 2517
220 950697 2402
221 953099 2899
222 955998 3656
223 959654 3836
224 963490 4344
225 967834 2046
226 969880 1728
227 971608 1865
228 973473 2136
229 975609 3245
230 978854 2514
231 981368 1903
232 983271 2796
233 986067 2775
234 988842 2134
235 990976 1796
236 992772 1946
237 994718 2953
238 997671 2172
239 999843 3326
240 1003169 1793
241 1004962 1893
242 1006855 2724
243 1009579 1876
244 1011455 7635
245 1019090 13189
246 1032279 2758
247 1035037 3777
248 1038814 2264
249 1041078 2569
250 1043647 6021
251 1049668 15076
252 1064744 3831
253 1068575 2496
254 1071071 4638
255 1075709 11791
256 1087500 3851
257 1091351 7431
258 1098782 589
259 1099371 2876
260 1102247 4083
261 1106330 7705
262 1114035 8818
263 1122853 1534
264 1124387 1635
265 1126022 1379
266 1127401 583
267 1127984 991
268 1128975 3042
269 1132017 1565
270 1133582 1045
271 1134627 604
272 1135231 1558
273 1136789 3087
274 1139876 1236
275 1141112 2425
276 1143537 485
277 1144022 2129
278 1146151 2300
279 1148451 2194
280 1150645 2157
281 1152802 2129
282 1154931 623
283 1155554 1650
284 1157204 2683
285 1159887 2317
286 1162204 2468
287 1164672 1810
288 1166482 554
289 1167036 12767
290 1179803 1656
291 1181459 765
292 1182224 1556
293 1183780 1228
294 1185008 791
295 1185799 860
296 1186659 2187
297 1188846 3193
298 1192039 4926
299 1196965 3846
300 1200811 530
301 1201341 1357
302 1202698 1316
303 1204014 975
304 1204989 2875
305 1207864 1895
306 1209759 3097
307 1212856 7359
308 1220215 906
309 1221121 1297
310 1222418 4721
311 1227139 678
312 1227817 1146
313 1228963 1353
314 1230316 2112
315 1232428 2274
316 1234702 2441
317 1237143 1360
318 1238503 4564
319 1243067 12536
320 1255603 1877
321 1257480 3054
322 1260534 6911
323 1267445 1859
324 1269304 6985
325 1276289 10789
326 1287078 3058
327 1290136 1375
328 1291511 2521
329 1294032 5154
330 1299186 1689
331 1300875 1412
332 1302287 1233
333 1303520 1269
334 1304789 4268
335 1309057 1437
336 1310494 2234
337 1312728 2305
338 1315033 3953
339 1318986 1739
340 1320725 2152
341 1322877 4979
342 1327856 5320
343 1333176 1331
344 1334507 1050
345 1335557 975
346 1336532 1711
347 1338243 8332
348 1346575 3412
349 1349987 9218
350 1359205 3183
351 1362388 2643
352 1365031 1851
353 1366882 2017
354 1368899 9586
355 1378485 1246
356 1379731 8858
357 1388589 609
358 1389198 4343
359 1393541 1335
360 1394876 7791
361 1402667 5214
362 1407881 564
363 1408445 6027
364 1414472 814
365 1415286 15193
366 1430479 5642
367 1436121 794
368 1436915 6212
369 1443127 7934
370 1451061 912
371 1451973 11232
372 1463205 4264
373 1467469 3841
374 1471310 3229
375 1474539 13805
376 1488344 3652
377 1491996 7945
378 1499941 1685
379 1501626 3116
380 1504742 2884
381 1507626 5316
382 1512942 2188
383 1515130 8637
384 1523767 4417
385 1528184 4941
386 1533125 4042
387 1537167 7925
388 1545092 12225
389 1557317 1450
390 1558767 674
391 1559441 1692
392 1561133 277
393 1561410 8891
394 1570301 1351
395 1571652 1395
396 1573047 1050
397 1574097 3730
398 1577827 9314
399 1587141 4643
400 1591784 8978
401 1600762 5404
402 1606166 5171
403 1611337 1838
404 1613175 4111
405 1617286 7980
406 1625266 2102
407 1627368 6211
408 1633579 724
409 1634303 1323
410 1635626 2123
411 1637749 1541
412 1639290 1346
413 1640636 5003
414 1645639 7325
415 1652964 14940
416 1667904 6526
417 1674430 4874
418 1679304 8324
419 1687628 7410
420 1695038 7985
421 1703023 1785
422 1704808 6772
423 1711580 5093
424 1716673 7958
425 1724631 1338
426 1725969 1909
427 1727878 1131
428 1729009 4375
429 1733384 15832
430 1749216 2015
431 1751231 3557
432 1754788 3988
433 1758776 5585
434 1764361 8648
435 1773009 17617
436 1790626 2149
437 1792775 7270
438 1800045 1455
439 1801500 1163
440 1802663 1345
441 1804008 4431
442 1808439 1503
443 1809942 4062
444 1814004 4432
445 1818436 4339
446 1822775 8240
447 1831015 19520
448 1850535 2411
449 1852946 2359
450 1855305 3330
451 1858635 2408
452 1861043 1939
453 1862982 2315
454 1865297 3743
455 1869040 6290
456 1875330 6452
457 1881782 1452
458 1883234 22006
459 1905240 832
460 1906072 1709
461 1907781 5714
462 1913495 4965
463 1918460 11213
464 1929673 1195
465 1930868 2695
466 1933563 2817
467 1936380 7634
468 1944014 14923
469 1958937 1014
470 1959951 934
471 1960885 1625
472 1962510 9661
473 1972171 3483
474 1975654 7472
475 1983126 8103
476 1991229 2813
477 1994042 1824
478 1995866 1691
479 1997557 1397
480 1998954 4774
481 2003728 1926
482 2005654 1378
483 2007032 2719
484 2009751 2516
485 2012267 6109
486 2018376 15153
487 2033529 2531
488 2036060 3435
489 2039495 1482
490 2040977 1398
491 2042375 1804
492 2044179 2303
493 2046482 1972
494 2048454 2907
495 2051361 5358
496 2056719 9641
497 2066360 1185
498 2067545 5731
499 2073276 7546
500 2080822 5421
501 2086243 6291
502 2092534 2014
503 2094548 11111
504 2105659 8826
505 2114485 6055
506 2120540 1287
507 2121827 1069
508 2122896 1436
509 2124332 21431
510 2145763 4635
511 2150398 2262
512 2152660 2409
513 2155069 4999
514 2160068 4610
515 2164678 4717
516 2169395 4307
517 2173702 3553
518 2177255 5957
519 2183212 5863
520 2189075 5918
521 2194993 5130
522 2200123 5091
523 2205214 6960
524 2212174 9699
525 2221873 21217
526 2243090 7578
527 2250668 2237
528 2252905 3881
529 2256786 3663
530 2260449 3507
531 2263956 9248
532 2273204 6578
533 2279782 8113
534 2287895 4560
535 2292455 2782
536 2295237 2449
537 2297686 3480
538 2301166 4566
539 2305732 3710
540 2309442 14717
541 2324159 3021
542 2327180 2426
543 2329606 1945
544 2331551 5262
545 2336813 2104
546 2338917 3355
547 2342272 4554
548 2346826 12781
549 2359607 3816
550 2363423 14264
551 2377687 3472
552 2381159 2494
553 2383653 1593
554 2385246 2164
555 2387410 3242
556 2390652 4973
557 2395625 16749
558 2412374 2419
559 2414793 2769
560 2417562 4064
561 2421626 3666
562 2425292 3943
563 2429235 22081
564 2451316 2153
565 2453469 5090
566 2458559 4303
567 2462862 2674
568 2465536 4449
569 2469985 3997
570 2473982 1872
571 2475854 3553
572 2479407 4508
573 2483915 7107
574 2491022 6330
575 2497352 2295
576 2499647 2319
577 2501966 5184
578 2507150 4072
579 2511222 17195
580 2528417 2686
581 2531103 2475
582 2533578 3105
583 2536683 2243
584 2538926 7318
585 2546244 2225
586 2548469 5251
587 2553720 5846
588 2559566 12244
589 2571810 6113
590 2577923 2009
591 2579932 7244
592 2587176 4786
593 2591962 4731
594 2596693 12663
595 2609356 2437
596 2611793 2816
597 2614609 2027
598 2616636 2667
599 2619303 2244
600 2621547 4355
601 2625902 5945
602 2631847 4991
603 2636838 15713
604 2652551 2985
605 2655536 5223
606 2660759 4032
607 2664791 7428
608 2672219 8947
609 2681166 3524
610 2684690 4586
611 2689276 2388
612 2691664 2262
613 2693926 5508
614 2699434 4450
615 2703884 1811
616 2705695 4614
617 2710309 4227
618 2714536 13519
619 2728055 3046
620 2731101 2212
621 2733313 2455
622 2735768 2856
623 2738624 6135
624 2744759 1898
625 2746657 4597
626 2751254 4155
627 2755409 7338
628 2762747 5628
629 2768375 20961
630 2789336 2908
631 2792244 3775
632 2796019 2657
633 2798676 2983
634 2801659 2995
635 2804654 2290
636 2806944 1919
637 2808863 7563
638 2816426 2636
639 2819062 5486
640 2824548 3932
641 2828480 3266
642 2831746 29058
643 2860804 5124
644 2865928 6582
645 2872510 6697
646 2879207 7024
647 2886231 5037
648 2891268 5564
649 2896832 8870
650 2905702 4207
651 2909909 2914
652 2912823 5505
653 2918328 5219
654 2923547 9609
655 2933156 12808
656 2945964 2081
657 2948045 4549
658 2952594 16968
659 2969562 4246
660 2973808 4008
661 2977816 16297
662 2994113 4168
663 2998281 21143
664 3019424 2464
665 3021888 2633
666 3024521 4114
667 3028635 3123
668 3031758 2270
669 3034028 15495
670 3049523 2380
671 3051903 4234
672 3056137 3987
673 3060124 2196
674 3062320 23506
675 3085826 5073
676 3090899 1904
677 3092803 4725
678 3097528 3131
679 3100659 4160
680 3104819 3395
681 3108214 6671
682 3114885 6463
683 3121348 5148
684 3126496 2841
685 3129337 4523
686 3133860 2304
687 3136164 10752
688 3146916 10015
689 3156931 4146
690 3161077 5367
691 3166444 20260
692 3186704 2809
693 3189513 2797
694 3192310 2841
695 3195151 2400
696 3197551 8278
697 3205829 2071
698 3207900 4450
699 3212350 4454
700 3216804 16449
701 3233253 2792
702 3236045 2415
703 3238460 2430
704 3240890 2254
705 3243144 2595
706 3245739 4607
707 3250346 4112
708 3254458 4086
709 3258544 24308
710 3282852 4473
711 3287325 4689
712 3292014 3747
713 3295761 5254
714 3301015 4590
715 3305605 4341
716 3309946 5728
717 3315674 6098
718 3321772 3736
719 3325508 1984
720 3327492 1974
721 3329466 4043
722 3333509 2264
723 3335773 7237
724 3343010 4498
725 3347508 22539
726 3370047 2933
727 3372980 2366
728 3375346 2914
729 3378260 2239
730 3380499 2464
731 3382963 2629
732 3385592 4666
733 3390258 3773
734 3394031 4476
735 3398507 19236
736 3417743 1707
737 3419450 2905
738 3422355 2114
739 3424469 2048
740 3426517 2017
741 3428534 13418
742 3441952 3765
743 3445717 4624
744 3450341 22182
745 3472523 2187
746 3474710 4302
747 3479012 5577
748 3484589 4500
749 3489089 6937
750 3496026 4828
751 3500854 3474
752 3504328 7034
753 3511362 3243
754 3514605 4955
755 3519560 2634
756 3522194 6652
757 3528846 1901
758 3530747 3782
759 3534529 4419
760 3538948 4638
761 3543586 9685
762 3553271 6550
763 3559821 4240
764 3564061 18331
765 3582392 2715
766 3585107 2374
767 3587481 1911
768 3589392 2286
769 3591678 21385
770 3613063 5525
771 3618588 1929
772 3620517 4302
773 3624819 7169
774 3631988 4245
775 3636233 2293
776 3638526 16169
777 3654695 4284
778 3658979 2202
779 3661181 3234
780 3664415 2622
781 3667037 8289
782 3675326 2864
783 3678190 4376
784 3682566 12351
785 3694917 3587
786 3698504 7082
787 3705586 10825
788 3716411 13006
789 3729417 2222
790 3731639 31507
791 3763146 4829
792 3767975 6466
793 3774441 12951
794 3787392 5362
795 3792754 10340
796 3803094 10789
797 3813883 3518
798 3817401 4083
799 3821484 3113
800 3824597 4031
801 3828628 2480
802 3831108 2127
803 3833235 15737
804 3848972 5066
805 3854038 5243
806 3859281 2484
807 3861765 26399
808 3888164 6095
809 3894259 4266
810 3898525 3645
811 3902170 4291
812 3906461 2536
813 3908997 5127
814 3914124 4281
815 3918405 4446
816 3922851 21953
817 3944804 4408
818 3949212 10824
819 3960036 2757
820 3962793 5102
821 3967895 3376
822 3971271 2689
823 3973960 6283
824 3980243 4723
825 3984966 18623
826 4003589 4830
827 4008419 5080
828 4013499 5081
829 4018580 2337
830 4020917 8053
831 4028970 8863
832 4037833 2966
833 4040799 4457
834 4045256 4452
835 4049708 4035
836 4053743 8922
837 4062665 4556
838 4067221 4032
839 4071253 3904
840 4075157 4679
841 4079836 15286
842 4095122 3378
843 4098500 4833
844 4103333 4663
845 4107996 6498
846 4114494 3667
847 4118161 2268
848 4120429 23374
849 4143803 5002
850 4148805 7373
851 4156178 4958
852 4161136 2806
853 4163942 7677
854 4171619 7916
855 4179535 4655
856 4184190 18623
857 4202813 4796
858 4207609 4546
859 4212155 3709
860 4215864 3238
861 4219102 3876
862 4222978 5351
863 4228329 5052
864 4233381 5091
865 4238472 2283
866 4240755 23854
867 4264609 5796
868 4270405 3796
869 4274201 4284
870 4278485 4117
871 4282602 10208
872 4292810 9298
873 4302108 4947
874 4307055 4717
875 4311772 24561
876 4336333 2262
877 4338595 4359
878 4342954 4731
879 4347685 6726
880 4354411 3631
881 4358042 4716
882 4362758 4602
883 4367360 5062
884 4372422 3407
885 4375829 6096
886 4381925 5528
887 4387453 5065
888 4392518 3089
889 4395607 5403
890 4401010 5279
891 4406289 4499
892 4410788 2094
893 4412882 4959
894 4417841 3798
895 4421639 4633
896 4426272 22028
897 4448300 4267
898 4452567 5506
899 4458073 4213
900 4462286 4430
901 4466716 2172
902 4468888 4281
903 4473169 4643
904 4477812 5118
905 4482930 20977
906 4503907 2193
907 4506100 4110
908 4510210 5673
909 4515883 4370
910 4520253 1925
911 4522178 33366
912 4555544 7248
913 4562792 6312
914 4569104 3190
915 4572294 5578
916 4577872 5044
917 4582916 1850
918 4584766 15536
919 4600302 5205
920 4605507 4642
921 4610149 1948
922 4612097 23974
923 4636071 3349
924 4639420 3990
925 4643410 4192
926 4647602 4972
927 4652574 4864
928 4657438 4916
929 4662354 2004
930 4664358 24348
931 4688706 4486
932 4693192 4910
933 4698102 3351
934 4701453 11136
935 4712589 4756
936 4717345 8045
937 4725390 8871
938 4734261 14176
939 4748437 1999
940 4750436 16820
941 4767256 4223
942 4771479 4001
943 4775480 3999
944 4779479 4972
945 4784451 765
946 4785216 649
947 4785865 2240
948 4788105 1243
949 4789348 781
950 4790129 3452
951 4793581 2376
952 4795957 6424
953 4802381 526
954 4802907 3865
955 4806772 1288
956 4808060 2030
957 4810090 1954
958 4812044 1302
959 4813346 1527
960 4814873 3182
961 4818055 3507
962 4821562 995
963 4822557 3705
964 4826262 1124
965 4827386 371
966 4827757 839
967 4828596 21862
968 4850458 2235
969 4852693 3450
970 4856143 8704
971 4864847 1234
972 4866081 2551
973 4868632 2302
974 4870934 2131
975 4873065 1267
976 4874332 5592
977 4879924 18851
978 4898775 7023
979 4905798 3094
980 4908892 2460
981 4911352 875
982 4912227 3504
983 4915731 839
984 4916570 2265
985 4918835 9588
986 4928423 403
987 4928826 543
988 4929369 1977
989 4931346 1109
990 4932455 4517
991 4936972 2450
992 4939422 3968
993 4943390 3259
994 4946649 4919
995 4951568 1561
996 4953129 2271
997 4955400 589
998 4955989 915
999 4956904 19011
1000 4975915 29053
1001 5004968 9058
1002 5014026 7157
1003 5021183 4049
1004 5025232 27773
1005 5053005 3815
1006 5056820 654
1007 5057474 894
1008 5058368 2796
1009 5061164 2718
1010 5063882 3982
1011 5067864 1777
1012 5069641 2894
1013 5072535 2497
1014 5075032 413
1015 5075445 3148
1016 5078593 2075
1017 5080668 3297
1018 5083965 3402
1019 5087367 3486
1020 5090853 8801
1021 5099654 19157
1022 5118811 1736
1023 5120547 2742
1024 5123289 2543
1025 5125832 2017
1026 5127849 2724
1027 5130573 697
1028 5131270 13690
1029 5144960 6232
1030 5151192 14982
1031 5166174 1061
1032 5167235 937
1033 5168172 2699
1034 5170871 1392
1035 5172263 8556
1036 5180819 21550
1037 5202369 21497
1038 5223866 41619
1039 5265485 11768
1040 5277253 20760
1041 5298013 8087
1042 5306100 11829
1043 5317929 12667
1044 5330596 8386
1045 5338982 14214
1046 5353196 10872
1047 5364068 8308
1048 5372376 6617
1049 5378993 8880
1050 5387873 2581
1051 5390454 2355
1052 5392809 1194
1053 5394003 3463
1054 5397466 893
1055 5398359 3476
1056 5401835 4104
1057 5405939 2513
1058 5408452 811
1059 5409263 526
1060 5409789 4146
1061 5413935 1772
1062 5415707 2069
1063 5417776 4034
1064 5421810 1382
1065 5423192 2443
1066 5425635 1041
1067 5426676 2198
1068 5428874 2339
1069 5431213 2241
1070 5433454 1530
1071 5434984 2470
1072 5437454 1641
1073 5439095 698
1074 5439793 1415
1075 5441208 1825
1076 5443033 2199
1077 5445232 1031
1078 5446263 2514
1079 5448777 783
1080 5449560 1078
1081 5450638 513
1082 5451151 3098
1083 5454249 1742
1084 5455991 3010
1085 5459001 1951
1086 5460952 2219
1087 5463171 1926
1088 5465097 1955
1089 5467052 3353
1090 5470405 950
1091 5471355 1078
1092 5472433 1857
1093 5474290 1565
1094 5475855 2432
1095 5478287 2901
1096 5481188 1376
1097 5482564 1745
1098 5484309 2491
1099 5486800 2491
1100 5489291 1532
1101 5490823 1799
1102 5492622 1080
1103 5493702 1246
1104 5494948 3959
1105 5498907 3370
1106 5502277 808
1107 5503085 6273
1108 5509358 3217
1109 5512575 846
1110 5513421 1583
1111 5515004 848
1112 5515852 5925
1113 5521777 1226
1114 5523003 5696
1115 5528699 785
1116 5529484 4504
1117 5533988 2289
1118 5536277 894
1119 5537171 3275
1120 5540446 5765
1121 5546211 3288
1122 5549499 4240
1123 5553739 2475
1124 5556214 3507
1125 5559721 1025
1126 5560746 2955
1127 5563701 2811
1128 5566512 2735
1129 5569247 1268
1130 5570515 2614
1131 5573129 1944
1132 5575073 995
1133 5576068 1352
1134 5577420 1130
1135 5578550 899
1136 5579449 1145
1137 5580594 1736
1138 5582330 2354
1139 5584684 992
1140 5585676 977
1141 5586653 857
1142 5587510 1100
1143 5588610 1246
1144 5589856 2694
1145 5592550 2807
1146 5595357 4346
1147 5599703 3425
1148 5603128 4307
1149 5607435 7284
1150 5614719 5293
1151 5620012 7701
1152 5627713 7412
1153 5635125 5555
1154 5640680 4684
1155 5645364 3232
1156 5648596 6673
1157 5655269 3044
1158 5658313 3372
1159 5661685 9425
1160 5671110 12520
1161 5683630 4347
1162 5687977 4591
1163 5692568 6794
1164 5699362 5457
1165 5704819 54873
1166 5759692 9169
1167 5768861 4607
1168 5773468 4994
1169 5778462 2908
1170 5781370 6794
1171 5788164 15335
1172 5803499 6167
1173 5809666 8569
1174 5818235 4262
1175 5822497 2399
1176 5824896 14982
1177 5839878 9388
1178 5849266 4457
1179 5853723 5128
1180 5858851 6808
1181 5865659 21530
1182 5887189 7813
1183 5895002 9383
1184 5904385 5136
1185 5909521 3166
1186 5912687 2606
1187 5915293 5643
1188 5920936 4614
1189 5925550 5343
1190 5930893 3839
1191 5934732 4192
1192 5938924 4665
1193 5943589 5896
1194 5949485 3238
1195 5952723 4246
1196 5956969 5624
1197 5962593 6779
1198 5969372 6221
1199 5975593 3182
1200 5978775 17002
1201 5995777 6805
1202 6002582 4602
1203 6007184 5170
1204 6012354 16084
1205 6028438 7664
1206 6036102 4908
1207 6041010 3403
1208 6044413 10338
1209 6054751 5500
1210 6060251 5803
1211 6066054 4107
1212 6070161 6551
1213 6076712 4659
1214 6081371 5192
1215 6086563 16886
1216 6103449 7671
1217 6111120 6816
1218 6117936 9365
1219 6127301 4922
1220 6132223 3441
1221 6135664 6547
1222 6142211 8975
1223 6151186 3508
1224 6154694 4534
1225 6159228 5094
1226 6164322 5378
1227 6169700 4430
1228 6174130 23378
1229 6197508 7694
1230 6205202 6776
1231 6211978 9333
1232 6221311 5087
1233 6226398 3697
1234 6230095 3091
1235 6233186 4937
1236 6238123 4932
1237 6243055 7237
1238 6250292 3481
1239 6253773 4361
1240 6258134 4537
1241 6262671 7512
1242 6270183 3786
1243 6273969 6109
1244 6280078 5743
1245 6285821 11307
1246 6297128 9096
1247 6306224 6538
1248 6312762 4582
1249 6317344 5125
1250 6322469 8954
1251 6331423 16368
1252 6347791 7646
1253 6355437 6744
1254 6362181 4893
1255 6367074 3507
1256 6370581 2705
1257 6373286 6532
1258 6379818 8350
1259 6388168 6521
1260 6394689 5140
1261 6399829 6529
1262 6406358 16848
1263 6423206 7642
1264 6430848 6767
1265 6437615 9329
1266 6446944 4754
1267 6451698 3489
1268 6455187 11603
1269 6466790 8878
1270 6475668 6547
1271 6482215 4583
1272 6486798 5106
1273 6491904 22458
1274 6514362 7669
1275 6522031 6768
1276 6528799 4848
1277 6533647 3501
1278 6537148 7598
1279 6544746 3083
1280 6547829 11224
1281 6559053 6533
1282 6565586 15247
1283 6580833 9079
1284 6589912 6549
1285 6596461 4590
1286 6601051 5111
1287 6606162 6546
1288 6612708 12224
1289 6624932 16371
1290 6641303 7671
1291 6648974 6792
1292 6655766 9334
1293 6665100 4690
1294 6669790 3599
1295 6673389 11246
1296 6684635 9036
1297 6693671 6540
1298 6700211 4532
1299 6704743 5011
1300 6709754 5023
1301 6714777 6549
1302 6721326 12194
1303 6733520 16140
1304 6749660 7684
1305 6757344 6790
1306 6764134 9353
1307 6773487 4695
1308 6778182 3543
1309 6781725 4575
1310 6786300 13915
1311 6800215 13641
1312 6813856 11286
1313 6825142 14411
1314 6839553 9298
1315 6848851 3434
1316 6852285 2811
1317 6855096 3357
1318 6858453 3216
1319 6861669 4503
1320 6866172 4994
1321 6871166 12184
1322 6883350 23439
1323 6906789 7669
1324 6914458 6788
1325 6921246 9770
1326 6931016 4848
1327 6935864 3627
1328 6939491 7498
1329 6946989 2949
1330 6949938 4408
1331 6954346 4897
1332 6959243 8043
1333 6967286 4083
1334 6971369 6745
1335 6978114 4828
1336 6982942 6157
1337 6989099 3828
1338 6992927 6429
1339 6999356 5219
1340 7004575 11239
1341 7015814 9256
1342 7025070 6554
1343 7031624 6570
1344 7038194 4689
1345 7042883 5000
1346 7047883 6242
1347 7054125 7297
1348 7061422 8581
1349 7070003 5307
1350 7075310 10177
1351 7085487 52979
1352 7138466 9216
1353 7147682 1700
1354 7149382 298
1355 7149680 276
1356 7149956 5018
1357 7154974 298
1358 7155272 281
1359 7155553 15624
1360 7171177 6981
1361 7178158 6415
1362 7184573 4606
1363 7189179 3593
1364 7192772 9153
1365 7201925 6729
1366 7208654 4891
1367 7213545 5339
1368 7218884 6720
1369 7225604 22502
1370 7248106 7312
1371 7255418 6474
1372 7261892 5408
1373 7267300 3960
1374 7271260 8152
1375 7279412 2592
1376 7282004 4435
1377 7286439 3364
1378 7289803 5447
1379 7295250 3808
1380 7299058 6573
1381 7305631 3909
1382 7309540 4157
1383 7313697 3360
1384 7317057 5414
1385 7322471 4112
1386 7326583 15881
1387 7342464 6535
1388 7348999 11196
1389 7360195 338
1390 7360533 9148
1391 7369681 6755
1392 7376436 14308
1393 7390744 4998
1394 7395742 5401
1395 7401143 8185
1396 7409328 5959
1397 7415287 2347
1398 7417634 3624
1399 7421258 2102
1400 7423360 2951
1401 7426311 3927
1402 7430238 2187
1403 7432425 2308
1404 7434733 32596
1405 7467329 3838
1406 7471167 12020
1407 7483187 6700
1408 7489887 12251
1409 7502138 16868
1410 7519006 7330
1411 7526336 6406
1412 7532742 9013
1413 7541755 5164
1414 7546919 3966
1415 7550885 1019
1416 7551904 883
1417 7552787 805
1418 7553592 840
1419 7554432 2651
1420 7557083 4001
1421 7561084 8988
1422 7570072 4671
1423 7574743 4128
1424 7578871 1890
1425 7580761 2115
1426 7582876 849
1427 7583725 4598
1428 7588323 1197
1429 7589520 2172
1430 7591692 2422
1431 7594114 995
1432 7595109 3705
1433 7598814 6578
1434 7605392 1174
1435 7606566 1167
1436 7607733 1848
1437 7609581 1496
1438 7611077 1963
1439 7613040 5297
1440 7618337 1001
1441 7619338 2133
1442 7621471 2467
1443 7623938 1284
1444 7625222 1374
1445 7626596 1483
1446 7628079 2021
1447 7630100 2559
1448 7632659 1974
1449 7634633 1288
1450 7635921 1594
1451 7637515 5120
1452 7642635 2288
1453 7644923 1339
1454 7646262 2853
1455 7649115 2539
1456 7651654 3177
1457 7654831 3278
1458 7658109 7190
1459 7665299 14970
1460 7680269 5378
1461 7685647 2765
1462 7688412 1934
1463 7690346 2337
1464 7692683 2948
1465 7695631 2921
1466 7698552 6040
1467 7704592 1750
1468 7706342 1280
1469 7707622 994
1470 7708616 1507
1471 7710123 1828
1472 7711951 14053
1473 7726004 951
1474 7726955 5220
1475 7732175 13411
1476 7745586 1581
1477 7747167 4888
1478 7752055 5875
1479 7757930 2376
1480 7760306 1780
1481 7762086 2150
1482 7764236 2369
1483 7766605 2181
1484 7768786 2537
1485 7771323 1876
1486 7773199 1739
1487 7774938 5349
1488 7780287 2191
1489 7782478 3935
1490 7786413 1885
1491 7788298 982
1492 7789280 2120
1493 7791400 2058
1494 7793458 3338
1495 7796796 1713
1496 7798509 1664
1497 7800173 1942
1498 7802115 3050
1499 7805165 1285
1500 7806450 2928
1501 7809378 4601
1502 7813979 4282
1503 7818261 6392
1504 7824653 3305
1505 7827958 7135
1506 7835093 9984
1507 7845077 1383
1508 7846460 3753
1509 7850213 8433
1510 7858646 1270
1511 7859916 3589
1512 7863505 2512
1513 7866017 2574
1514 7868591 2357
1515 7870948 1818
1516 7872766 6300
1517 7879066 3164
1518 7882230 1086
1519 7883316 1428
1520 7884744 2070
1521 7886814 5893
1522 7892707 2090
1523 7894797 1759
1524 7896556 3395
1525 7899951 2230
1526 7902181 1757
1527 7903938 1412
1528 7905350 7764
1529 7913114 6607
1530 7919721 2524
1531 7922245 5129
1532 7927374 1337
1533 7928711 1008
1534 7929719 10109
1535 7939828 2104
1536 7941932 3142
1537 7945074 468
1538 7945542 2532
1539 7948074 3318
1540 7951392 7259
1541 7958651 2040
1542 7960691 1209
1543 7961900 1423
1544 7963323 5115
1545 7968438 1096
1546 7969534 3752
1547 7973286 2522
1548 7975808 5401
1549 7981209 2633
1550 7983842 3763
1551 7987605 3008
1552 7990613 4201
1553 7994814 5067
1554 7999881 2355
1555 8002236 1078
1556 8003314 2446
1557 8005760 3407
1558 8009167 2585
1559 8011752 1604
1560 8013356 5186
1561 8018542 3404
1562 8021946 3293
1563 8025239 3083
1564 8028322 6291
1565 8034613 3578
1566 8038191 3189
1567 8041380 21926
1568 8063306 2478
1569 8065784 2370
1570 8068154 2569
1571 8070723 2388
1572 8073111 2369
1573 8075480 3954
1574 8079434 2720
1575 8082154 3612
1576 8085766 1618
1577 8087384 1520
1578 8088904 1533
1579 8090437 1741
1580 8092178 3666
1581 8095844 2710
1582 8098554 4119
1583 8102673 1998
1584 8104671 5478
1585 8110149 3402
1586 8113551 1856
1587 8115407 2233
1588 8117640 3188
1589 8120828 6331
1590 8127159 1794
1591 8128953 1583
1592 8130536 2063
1593 8132599 3485
1594 8136084 3544
1595 8139628 2191
1596 8141819 2806
1597 8144625 3727
1598 8148352 8786
1599 8157138 3591
1600 8160729 3276
1601 8164005 7583
1602 8171588 2803
1603 8174391 1459
1604 8175850 2033
1605 8177883 3614
1606 8181497 2461
1607 8183958 1503
1608 8185461 1738
1609 8187199 4751
1610 8191950 1526
1611 8193476 1846
1612 8195322 3435
1613 8198757 3023
1614 8201780 1548
1615 8203328 2970
1616 8206298 1798
1617 8208096 3116
1618 8211212 7683
1619 8218895 8000
1620 8226895 3939
1621 8230834 6660
1622 8237494 6783
1623 8244277 6343
1624 8250620 6857
1625 8257477 2983
1626 8260460 2068
1627 8262528 3060
1628 8265588 2249
1629 8267837 2574
1630 8270411 2672
1631 8273083 1641
1632 8274724 1462
1633 8276186 2412
1634 8278598 7305
1635 8285903 8477
1636 8294380 2548
1637 8296928 5564
1638 8302492 1669
1639 8304161 4612
1640 8308773 3335
1641 8312108 2193
1642 8314301 3553
1643 8317854 9220
1644 8327074 6659
1645 8333733 8133
1646 8341866 1349
1647 8343215 3888
1648 8347103 6216
1649 8353319 2155
1650 8355474 7472
1651 8362946 1761
1652 8364707 6295
1653 8371002 1129
1654 8372131 2362
1655 8374493 4559
1656 8379052 1047
1657 8380099 1429
1658 8381528 8053
1659 8389581 6741
1660 8396322 756
1661 8397078 1594
1662 8398672 1119
1663 8399791 1722
1664 8401513 1699
1665 8403212 2142
1666 8405354 2350
1667 8407704 1428
1668 8409132 1478
1669 8410610 1576
1670 8412186 6667
1671 8418853 3886
1672 8422739 1052
1673 8423791 1317
1674 8425108 3508
1675 8428616 3978
1676 8432594 1433
1677 8434027 12474
1678 8446501 4065
1679 8450566 1740
1680 8452306 2603
1681 8454909 2850
1682 8457759 1185
1683 8458944 3891
1684 8462835 6153
1685 8468988 1297
1686 8470285 1557
1687 8471842 3519
1688 8475361 8633
1689 8483994 325
1690 8484319 4262
1691 8488581 913
1692 8489494 5406
1693 8494900 1052
1694 8495952 1278
1695 8497230 1204
1696 8498434 3084
1697 8501518 1283
1698 8502801 5719
1699 8508520 2262
1700 8510782 1495
1701 8512277 500
1702 8512777 1800
1703 8514577 3243
1704 8517820 7925
1705 8525745 2291
1706 8528036 733
1707 8528769 998
1708 8529767 5819
1709 8535586 4468
1710 8540054 1282
1711 8541336 2766
1712 8544102 9251
1713 8553353 17055
1714 8570408 1320
1715 8571728 10510
1716 8582238 863
1717 8583101 1206
1718 8584307 5560
1719 8589867 1037
1720 8590904 1392
1721 8592296 3728
1722 8596024 3455
1723 8599479 869
1724 8600348 21560
1725 8621908 9707
1726 8631615 1278
1727 8632893 646
1728 8633539 2418
1729 8635957 2312
1730 8638269 4405
1731 8642674 12719
1732 8655393 4165
1733 8659558 8267
1734 8667825 2179
1735 8670004 1075
1736 8671079 4182
1737 8675261 3673
1738 8678934 2051
1739 8680985 7508
1740 8688493 4370
1741 8692863 2448
1742 8695311 6433
1743 8701744 9550
1744 8711294 1856
1745 8713150 3927
1746 8717077 1664
1747 8718741 5501
1748 8724242 3581
1749 8727823 4554
1750 8732377 3647
1751 8736024 8921
1752 8744945 13425
1753 8758370 6355
1754 8764725 2111
1755 8766836 14154
1756 8780990 4281
1757 8785271 1891
1758 8787162 1992
1759 8789154 2557
1760 8791711 1131
1761 8792842 1673
1762 8794515 3481
1763 8797996 2239
1764 8800235 2494
1765 8802729 2073
1766 8804802 2447
1767 8807249 4755
1768 8812004 1421
1769 8813425 3967
1770 8817392 562
1771 8817954 1489
1772 8819443 1199
1773 8820642 884
1774 8821526 1968
1775 8823494 961
1776 8824455 2238
1777 8826693 1005
1778 8827698 4675
1779 8832373 4373
1780 8836746 2436
1781 8839182 866
1782 8840048 1625
1783 8841673 1137
1784 8842810 1778
1785 8844588 1264
1786 8845852 3626
1787 8849478 4172
1788 8853650 909
1789 8854559 728
1790 8855287 3107
1791 8858394 810
1792 8859204 4128
1793 8863332 665
1794 8863997 2919
1795 8866916 5224
1796 8872140 972
1797 8873112 1834
1798 8874946 1415
1799 8876361 6125
1800 8882486 11578
1801 8894064 7976
1802 8902040 4652
1803 8906692 5245
1804 8911937 7255
1805 8919192 5381
1806 8924573 9110
1807 8933683 2014
1808 8935697 2149
1809 8937846 3388
1810 8941234 2332
1811 8943566 3328
1812 8946894 3509
1813 8950403 5769
1814 8956172 7647
1815 8963819 3083
1816 8966902 4389
1817 8971291 4605
1818 8975896 4636
1819 8980532 2515
1820 8983047 1903
1821 8984950 5111
1822 8990061 2600
1823 8992661 3123
1824 8995784 6777
1825 9002561 1207
1826 9003768 2408
1827 9006176 2663
1828 9008839 1959
1829 9010798 1246
1830 9012044 5474
1831 9017518 1300
1832 9018818 3583
1833 9022401 3242
1834 9025643 4677
1835 9030320 3295
1836 9033615 4766
1837 9038381 3747
1838 9042128 19586
1839 9061714 4166
1840 9065880 1093
1841 9066973 2604
1842 9069577 3522
1843 9073099 3413
1844 9076512 3983
1845 9080495 2884
1846 9083379 908
1847 9084287 1214
1848 9085501 4273
1849 9089774 3542
1850 9093316 3727
1851 9097043 4400
1852 9101443 18795
1853 9120238 3536
1854 9123774 3079
1855 9126853 3640
1856 9130493 3222
1857 9133715 2725
1858 9136440 3476
1859 9139916 3720
1860 9143636 3630
1861 9147266 3276
1862 9150542 4945
1863 9155487 3371
1864 9158858 1486
1865 9160344 4643
1866 9164987 3508
1867 9168495 3446
1868 9171941 3319
1869 9175260 3211
1870 9178471 4051
1871 9182522 3124
1872 9185646 3084
1873 9188730 3436
1874 9192166 3733
1875 9195899 3465
1876 9199364 3991
1877 9203355 3800
1878 9207155 3589
1879 9210744 3537
1880 9214281 4140
1881 9218421 3985
1882 9222406 3149
1883 9225555 4289
1884 9229844 1648
1885 9231492 3013
1886 9234505 3730
1887 9238235 3619
1888 9241854 4125
1889 9245979 3463
1890 9249442 3563
1891 9253005 2712
1892 9255717 2614
1893 9258331 14430
1894 9272761 3680
1895 9276441 3177
1896 9279618 3563
1897 9283181 11072
1898 9294253 4266
1899 9298519 12167
1900 9310686 1700
1901 9312386 705
1902 9313091 972
1903 9314063 607
1904 9314670 532
1905 9315202 760
1906 9315962 3056
1907 9319018 1204
1908 9320222 9798
1909 9330020 3954
1910 9333974 657
1911 9334631 737
1912 9335368 10744
1913 9346112 5300
1914 9351412 987
1915 9352399 997
1916 9353396 1079
1917 9354475 2459
1918 9356934 1469
1919 9358403 6790
1920 9365193 3863
1921 9369056 8682
1922 9377738 728
1923 9378466 1097
1924 9379563 4155
1925 9383718 6098
1926 9389816 3609
1927 9393425 4321
1928 9397746 1828
1929 9399574 4334
1930 9403908 4436
1931 9408344 4537
1932 9412881 5434
1933 9418315 1643
1934 9419958 1074
1935 9421032 514
1936 9421546 5717
1937 9427263 524
1938 9427787 2306
1939 9430093 1937
1940 9432030 2565
1941 9434595 2793
1942 9437388 1166
1943 9438554 7002
1944 9445556 2985
1945 9448541 5282
1946 9453823 7622
1947 9461445 8338
1948 9469783 2850
1949 9472633 4694
1950 9477327 1494
1951 9478821 1458
1952 9480279 1644
1953 9481923 3560
1954 9485483 2572
1955 9488055 4463
1956 9492518 9414
1957 9501932 1365
1958 9503297 4378
1959 9507675 1958
1960 9509633 3648
1961 9513281 5551
1962 9518832 3068
1963 9521900 1604
1964 9523504 2057
1965 9525561 9797
1966 9535358 6087
1967 9541445 3753
1968 9545198 5299
1969 9550497 3404
1970 9553901 3146
1971 9557047 584
1972 9557631 9815
1973 9567446 4750
1974 9572196 2073
1975 9574269 3209
1976 9577478 3653
1977 9581131 2610
1978 9583741 2132
1979 9585873 1483
1980 9587356 5538
1981 9592894 875
1982 9593769 755
1983 9594524 3868
1984 9598392 3029
1985 9601421 2460
1986 9603881 466
1987 9604347 7730
1988 9612077 3566
1989 9615643 7097
1990 9622740 1797
1991 9624537 10771
1992 9635308 5290
1993 9640598 7725
1994 9648323 5101
1995 9653424 4888
1996 9658312 4197
1997 9662509 2296
1998 9664805 5779
1999 9670584 2048
2000 9672632 5052
2001 9677684 3248
2002 9680932 1865
2003 9682797 3283
2004 9686080 3223
2005 9689303 9297
2006 9698600 1270
2007 9699870 5231
2008 9705101 5141
2009 9710242 2566
2010 9712808 5511
2011 9718319 4644
2012 9722963 3437
2013 9726400 1395
2014 9727795 3290
2015 9731085 9638
2016 9740723 1112
2017 9741835 9777
2018 9751612 6705
2019 9758317 4338
2020 9762655 12067
2021 9774722 1826
2022 9776548 926
2023 9777474 1723
2024 9779197 2225
2025 9781422 779
2026 9782201 896
2027 9783097 4699
2028 9787796 7358
2029 9795154 4389
2030 9799543 2524
2031 9802067 4258
2032 9806325 5468
2033 9811793 5388
2034 9817181 3301
2035 9820482 4767
2036 9825249 5011
2037 9830260 2582
2038 9832842 1714
2039 9834556 5335
2040 9839891 2982
2041 9842873 5765
2042 9848638 4008
2043 9852646 3601
2044 9856247 5211
2045 9861458 5123
2046 9866581 2644
2047 9869225 8648
2048 9877873 1913
2049 9879786 4060
2050 9883846 3246
2051 9887092 20384
2052 9907476 2234
2053 9909710 1726
2054 9911436 2303
2055 9913739 2133
2056 9915872 11518
2057 9927390 1804
2058 9929194 886
2059 9930080 715
2060 9930795 2775
2061 9933570 1370
2062 9934940 1819
2063 9936759 1161
2064 9937920 1404
2065 9939324 1064
2066 9940388 5666
2067 9946054 2705
2068 9948759 923
2069 9949682 2878
2070 9952560 3317
2071 9955877 807
2072 9956684 1564
2073 9958248 2933
2074 9961181 2048
2075 9963229 2041
2076 9965270 3228
2077 9968498 11496
2078 9979994 1277
2079 9981271 3988
2080 9985259 1537
2081 9986796 2513
2082 9989309 1597
2083 9990906 4460
2084 9995366 5724
2085 10001090 862
2086 10001952 2240
2087 10004192 1593
2088 10005785 1313
2089 10007098 857
2090 10007955 2724
2091 10010679 505
2092 10011184 2474
2093 10013658 1569
2094 10015227 1309
2095 10016536 2428
2096 10018964 2922
2097 10021886 2012
2098 10023898 2386
2099 10026284 1268
2100 10027552 1529
2101 10029081 2949
2102 10032030 1642
2103 10033672 1619
2104 10035291 2936
2105 10038227 5444
2106 10043671 4863
2107 10048534 2884
2108 10051418 2546
2109 10053964 6866
2110 10060830 3058
2111 10063888 5063
2112 10068951 3413
2113 10072364 2269
2114 10074633 1709
2115 10076342 3668
2116 10080010 1831
2117 10081841 1495
2118 10083336 3791
2119 10087127 2871
2120 10089998 2150
2121 10092148 7252
2122 10099400 604
2123 10100004 1305
2124 10101309 1310
2125 10102619 619
2126 10103238 1434
2127 10104672 581
2128 10105253 1646
2129 10106899 2309
2130 10109208 7912
2131 10117120 9516
2132 10126636 1422
2133 10128058 1164
2134 10129222 5012
2135 10134234 2683
2136 10136917 2457
2137 10139374 990
2138 10140364 1172
2139 10141536 1213
2140 10142749 2623
2141 10145372 1361
2142 10146733 1256
2143 10147989 3524
2144 10151513 2568
2145 10154081 360
2146 10154441 3213
2147 10157654 2744
2148 10160398 1555
2149 10161953 2552
2150 10164505 3599
2151 10168104 3141
2152 10171245 1643
2153 10172888 2544
2154 10175432 3280
2155 10178712 652
2156 10179364 8891
2157 10188255 2374
2158 10190629 4797
2159 10195426 3470
2160 10198896 1708
2161 10200604 3022
2162 10203626 1696
2163 10205322 2077
2164 10207399 956
2165 10208355 8866
2166 10217221 3870
2167 10221091 1615
2168 10222706 1784
2169 10224490 3908
2170 10228398 1483
2171 10229881 3540
2172 10233421 1231
2173 10234652 4060
2174 10238712 1324
2175 10240036 3615
2176 10243651 8778
2177 10252429 5074
2178 10257503 1076
2179 10258579 1067
2180 10259646 12141
2181 10271787 3023
2182 10274810 1708
2183 10276518 4486
2184 10281004 2183
2185 10283187 14525
2186 10297712 2461
2187 10300173 1092
2188 10301265 1745
2189 10303010 4939
2190 10307949 3842
2191 10311791 5743
2192 10317534 29569
2193 10347103 1193
2194 10348296 3335
2195 10351631 4193
2196 10355824 6469
2197 10362293 2535
2198 10364828 3206
2199 10368034 1814
2200 10369848 12298
2201 10382146 2022
2202 10384168 3203
2203 10387371 1444
2204 10388815 3788
2205 10392603 3956
2206 10396559 3167
2207 10399726 1485
2208 10401211 2419
2209 10403630 5645
2210 10409275 4531
2211 10413806 1475
2212 10415281 953
2213 10416234 9387
2214 10425621 1750
2215 10427371 2122
2216 10429493 1213
2217 10430706 3963
2218 10434669 935
2219 10435604 1460
2220 10437064 7956
2221 10445020 1467
2222 10446487 1056
2223 10447543 6812
2224 10454355 2012
2225 10456367 2601
2226 10458968 4411
2227 10463379 1494
2228 10464873 1010
2229 10465883 7153
2230 10473036 1754
2231 10474790 333
2232 10475123 980
2233 10476103 1261
2234 10477364 4559
2235 10481923 3259
2236 10485182 1856
2237 10487038 1279
2238 10488317 8920
2239 10497237 1585
2240 10498822 868
2241 10499690 2117
2242 10501807 825
2243 10502632 3772
2244 10506404 6183
2245 10512587 2713
2246 10515300 1307
2247 10516607 6191
2248 10522798 1824
2249 10524622 3023
2250 10527645 1103
2251 10528748 5976
2252 10534724 2534
2253 10537258 771
2254 10538029 2662
2255 10540691 539
2256 10541230 6598
2257 10547828 1748
2258 10549576 1203
2259 10550779 1092
2260 10551871 2866
2261 10554737 1081
2262 10555818 3311
2263 10559129 3591
2264 10562720 1732
2265 10564452 3182
2266 10567634 950
2267 10568584 5954
2268 10574538 3708
2269 10578246 2151
2270 10580397 1769
2271 10582166 1203
2272 10583369 3388
2273 10586757 4653
2274 10591410 1541
2275 10592951 7016
2276 10599967 590
2277 10600557 1038
2278 10601595 2658
2279 10604253 1747
2280 10606000 871
2281 10606871 2558
2282 10609429 5604
2283 10615033 1483
2284 10616516 5099
2285 10621615 1247
2286 10622862 1561
2287 10624423 6437
2288 10630860 736
2289 10631596 3479
2290 10635075 765
2291 10635840 977
2292 10636817 2433
2293 10639250 3469
2294 10642719 5675
2295 10648394 1611
2296 10650005 3607
2297 10653612 2942
2298 10656554 1278
2299 10657832 3535
2300 10661367 485
2301 10661852 3630
2302 10665482 746
2303 10666228 3684
2304 10669912 4777
2305 10674689 1198
2306 10675887 3916
2307 10679803 6315
2308 10686118 2650
2309 10688768 447
2310 10689215 4228
2311 10693443 521
2312 10693964 1445
2313 10695409 3658
2314 10699067 2068
2315 10701135 3676
2316 10704811 2713
2317 10707524 3085
2318 10710609 1342
2319 10711951 1492
2320 10713443 622
2321 10714065 1102
2322 10715167 5765
2323 10720932 1417
2324 10722349 576
2325 10722925 2315
2326 10725240 2807
2327 10728047 581
2328 10728628 2794
2329 10731422 3095
2330 10734517 1051
2331 10735568 5087
2332 10740655 1242
2333 10741897 5461
2334 10747358 7367
2335 10754725 4566
2336 10759291 1435
2337 10760726 5393
2338 10766119 2235
2339 10768354 1818
2340 10770172 2080
2341 10772252 3792
2342 10776044 1417
2343 10777461 6027
2344 10783488 892
2345 10784380 2425
2346 10786805 1662
2347 10788467 4317
2348 10792784 2575
2349 10795359 942
2350 10796301 1910
2351 10798211 775
2352 10798986 16552
2353 10815538 4071
2354 10819609 1522
2355 10821131 2640
2356 10823771 4762
2357 10828533 2949
2358 10831482 2108
2359 10833590 1236
2360 10834826 2741
2361 10837567 1927
2362 10839494 6069
2363 10845563 2303
2364 10847866 539
2365 10848405 2677
2366 10851082 4022
2367 10855104 2271
2368 10857375 2011
2369 10859386 1281
2370 10860667 4657
2371 10865324 4534
2372 10869858 3534
2373 10873392 3096
2374 10876488 4082
2375 10880570 4408
2376 10884978 2760
2377 10887738 3805
2378 10891543 4002
2379 10895545 3361
2380 10898906 3599
2381 10902505 1431
2382 10903936 4455
2383 10908391 1023
2384 10909414 1773
2385 10911187 5466
2386 10916653 2063
2387 10918716 1792
2388 10920508 15757
2389 10936265 5704
2390 10941969 2234
2391 10944203 2597
2392 10946800 5272
2393 10952072 3863
2394 10955935 13333
2395 10969268 3759
2396 10973027 1819
2397 10974846 3516
2398 10978362 6391
2399 10984753 2915
2400 10987668 525
2401 10988193 4652
2402 10992845 4516
2403 10997361 2698
2404 11000059 4698
2405 11004757 2122
2406 11006879 727
2407 11007606 4955
2408 11012561 6534
2409 11019095 4692
2410 11023787 4136
2411 11027923 3542
2412 11031465 2981
2413 11034446 4032
2414 11038478 8532
2415 11047010 3980
2416 11050990 7452
2417 11058442 37735
2418 11096177 17680
2419 11113857 5279
2420 11119136 2767
2421 11121903 10436
2422 11132339 3743
2423 11136082 4640
2424 11140722 5350
2425 11146072 4820
2426 11150892 5189
2427 11156081 6693
2428 11162774 6428
2429 11169202 4630
2430 11173832 4102
2431 11177934 8865
2432 11186799 8293
2433 11195092 5363
2434 11200455 4240
2435 11204695 7300
2436 11211995 7808
2437 11219803 5608
2438 11225411 4417
2439 11229828 4902
2440 11234730 4248
2441 11238978 4280
2442 11243258 5268
2443 11248526 1235
2444 11249761 3963
2445 11253724 19562
2446 11273286 3700
2447 11276986 6327
2448 11283313 4652
2449 11287965 2791
2450 11290756 3462
2451 11294218 3891
2452 11298109 3443
2453 11301552 4256
2454 11305808 11788
2455 11317596 4147
2456 11321743 8090
2457 11329833 7685
2458 11337518 7843
2459 11345361 7198
2460 11352559 1629
2461 11354188 5196
2462 11359384 16162
2463 11375546 4556
2464 11380102 9226
2465 11389328 5252
2466 11394580 4131
2467 11398711 4734
2468 11403445 3973
2469 11407418 10361
2470 11417779 5535
2471 11423314 4086
2472 11427400 3102
2473 11430502 3726
2474 11434228 3294
2475 11437522 3404
2476 11440926 18231
2477 11459157 4761
2478 11463918 5316
2479 11469234 3333
2480 11472567 11386
2481 11483953 7821
2482 11491774 19397
2483 11511171 5397
2484 11516568 1208
2485 11517776 2128
2486 11519904 2819
2487 11522723 3650
2488 11526373 19196
2489 11545569 19544
2490 11565113 4306
2491 11569419 4257
2492 11573676 3481
2493 11577157 12413
2494 11589570 6680
2495 11596250 25274
2496 11621524 11098
2497 11632622 7039
2498 11639661 1529
2499 11641190 5892
2500 11647082 6296
2501 11653378 23531
2502 11676909 1562
2503 11678471 2806
2504 11681277 3657
2505 11684934 1996
2506 11686930 3215
2507 11690145 2850
2508 11692995 7332
2509 11700327 396
2510 11700723 492
2511 11701215 10838
2512 11712053 4382
2513 11716435 3645
2514 11720080 8774
2515 11728854 3361
2516 11732215 2049
2517 11734264 1998
2518 11736262 7006
2519 11743268 6250
2520 11749518 3683
2521 11753201 2242
2522 11755443 14530
2523 11769973 6396
2524 11776369 1326
2525 11777695 1974
2526 11779669 2899
2527 11782568 2583
2528 11785151 2131
2529 11787282 1564
2530 11788846 743
2531 11789589 1351
2532 11790940 739
2533 11791679 388
2534 11792067 3925
2535 11795992 2969
2536 11798961 4084
2537 11803045 7335
2538 11810380 5285
2539 11815665 1324
2540 11816989 1132
2541 11818121 914
2542 11819035 1837
2543 11820872 2370
2544 11823242 5363
2545 11828605 2446
2546 11831051 7889
2547 11838940 2387
2548 11841327 917
2549 11842244 847
2550 11843091 1634
2551 11844725 2239
2552 11846964 7153
2553 11854117 1635
2554 11855752 4658
2555 11860410 2424
2556 11862834 3558
2557 11866392 2677
2558 11869069 6907
2559 11875976 2304
2560 11878280 3007
2561 11881287 4579
2562 11885866 2525
2563 11888391 2878
2564 11891269 1910
2565 11893179 1252
2566 11894431 4722
2567 11899153 1613
2568 11900766 966
2569 11901732 1600
2570 11903332 1779
2571 11905111 4532
2572 11909643 1675
2573 11911318 2642
2574 11913960 9107
2575 11923067 1863
2576 11924930 2591
2577 11927521 3539
2578 11931060 6127
2579 11937187 3369
2580 11940556 2955
2581 11943511 7841
2582 11951352 1737
2583 11953089 2204
2584 11955293 1649
2585 11956942 965
2586 11957907 2389
2587 11960296 1640
2588 11961936 1733
2589 11963669 14788
2590 11978457 7187
2591 11985644 3135
2592 11988779 1681
2593 11990460 1413
2594 11991873 7656
2595 11999529 1962
2596 12001491 2117
2597 12003608 1762
2598 12005370 1682
2599 12007052 2080
2600 12009132 1144
2601 12010276 719
2602 12010995 3178
2603 12014173 724
2604 12014897 6134
2605 12021031 6261
2606 12027292 5688
2607 12032980 10373
2608 12043353 3731
2609 12047084 1426
2610 12048510 2035
2611 12050545 9343
2612 12059888 4164
2613 12064052 6327
2614 12070379 2926
2615 12073305 6040
2616 12079345 6015
2617 12085360 1656
2618 12087016 6389
2619 12093405 3154
2620 12096559 6563
2621 12103122 8797
2622 12111919 1273
2623 12113192 2862
2624 12116054 1671
2625 12117725 3241
2626 12120966 5847
2627 12126813 6640
2628 12133453 6160
2629 12139613 6184
2630 12145797 9426
2631 12155223 9442
2632 12164665 1132
2633 12165797 688
2634 12166485 1110
2635 12167595 3742
2636 12171337 637
2637 12171974 5499
2638 12177473 1346
2639 12178819 2778
2640 12181597 2311
2641 12183908 5299
2642 12189207 12079
2643 12201286 2472
2644 12203758 25532
2645 12229290 3656
2646 12232946 1728
2647 12234674 4790
2648 12239464 1779
2649 12241243 970
2650 12242213 1271
2651 12243484 986
2652 12244470 1140
2653 12245610 4924
2654 12250534 2225
2655 12252759 1807
2656 12254566 1112
2657 12255678 1273
2658 12256951 1236
2659 12258187 4083
2660 12262270 1466
2661 12263736 2679
2662 12266415 2134
2663 12268549 1098
2664 12269647 1832
2665 12271479 4978
2666 12276457 2282
2667 12278739 8019
2668 12286758 11479
2669 12298237 2033
2670 12300270 3517
2671 12303787 5141
2672 12308928 5312
2673 12314240 5121
2674 12319361 6281
2675 12325642 1003
2676 12326645 6945
2677 12333590 2885
2678 12336475 9263
2679 12345738 4137
2680 12349875 6294
2681 12356169 2843
2682 12359012 1544
2683 12360556 2898
2684 12363454 3379
2685 12366833 1759
2686 12368592 5500
2687 12374092 8976
2688 12383068 2280
2689 12385348 8365
2690 12393713 6762
2691 12400475 6417
2692 12406892 3671
2693 12410563 3364
2694 12413927 2870
2695 12416797 3399
2696 12420196 464
2697 12420660 2154
2698 12422814 3898
2699 12426712 3593
2700 12430305 2898
2701 12433203 3553
2702 12436756 2681
2703 12439437 6523
2704 12445960 9351
2705 12455311 8357
2706 12463668 10444
2707 12474112 9636
2708 12483748 10198
2709 12493946 7897
2710 12501843 5421
2711 12507264 6187
2712 12513451 7437
2713 12520888 3431
2714 12524319 3883
2715 12528202 2346
2716 12530548 1534
2717 12532082 1640
2718 12533722 3128
2719 12536850 3495
2720 12540345 7544
2721 12547889 6314
2722 12554203 5886
2723 12560089 3468
2724 12563557 4531
2725 12568088 3433
2726 12571521 11366
2727 12582887 5039
2728 12587926 6535
2729 12594461 4769
2730 12599230 950
2731 12600180 4117
2732 12604297 3632
2733 12607929 3416
2734 12611345 4286
2735 12615631 4886
2736 12620517 4540
2737 12625057 7963
2738 12633020 2232
2739 12635252 5497
2740 12640749 4319
2741 12645068 6342
2742 12651410 4745
2743 12656155 2135
2744 12658290 2126
2745 12660416 1458
2746 12661874 3299
2747 12665173 4568
2748 12669741 4120
2749 12673861 6087
2750 12679948 8359
2751 12688307 1844
2752 12690151 5596
2753 12695747 7223
2754 12702970 1233
2755 12704203 3340
2756 12707543 4011
2757 12711554 1576
2758 12713130 7185
2759 12720315 2742
2760 12723057 9880
2761 12732937 4222
2762 12737159 5759
2763 12742918 786
2764 12743704 3667
2765 12747371 1965
2766 12749336 4267
2767 12753603 5443
2768 12759046 3002
2769 12762048 2740
2770 12764788 3731
2771 12768519 2093
2772 12770612 3955
2773 12774567 12688
2774 12787255 2467
2775 12789722 1880
2776 12791602 3553
2777 12795155 3794
2778 12798949 3791
2779 12802740 1869
2780 12804609 5315
2781 12809924 6673
2782 12816597 2487
2783 12819084 4514
2784 12823598 6793
2785 12830391 1486
2786 12831877 2397
2787 12834274 2613
2788 12836887 748
2789 12837635 5252
2790 12842887 267
2791 12843154 844
2792 12843998 3417
2793 12847415 5719
2794 12853134 1218
2795 12854352 1350
2796 12855702 3552
2797 12859254 4530
2798 12863784 2344
2799 12866128 2168
2800 12868296 3718
2801 12872014 3921
2802 12875935 906
2803 12876841 2895
2804 12879736 1136
2805 12880872 1764
2806 12882636 1982
2807 12884618 3065
2808 12887683 7013
2809 12894696 8414
2810 12903110 3924
2811 12907034 3863
2812 12910897 4620
2813 12915517 3851
2814 12919368 4572
2815 12923940 1129
2816 12925069 4176
2817 12929245 2644
2818 12931889 1682
2819 12933571 1050
2820 12934621 4000
2821 12938621 3814
2822 12942435 2847
2823 12945282 1268
2824 12946550 3127
2825 12949677 7524
2826 12957201 18480
2827 12975681 2175
2828 12977856 3725
2829 12981581 1619
2830 12983200 4153
2831 12987353 5055
2832 12992408 8663
2833 13001071 3069
2834 13004140 13060
2835 13017200 3639
2836 13020839 6213
2837 13027052 8465
2838 13035517 5626
2839 13041143 2117
2840 13043260 4917
2841 13048177 1192
2842 13049369 3823
2843 13053192 6223
2844 13059415 1621
2845 13061036 3400
2846 13064436 2772
2847 13067208 6095
2848 13073303 5295
2849 13078598 1741
2850 13080339 6561
2851 13086900 3614
2852 13090514 10180
2853 13100694 6855
2854 13107549 4499
2855 13112048 3497
2856 13115545 6247
2857 13121792 9445
2858 13131237 1575
2859 13132812 2725
2860 13135537 2367
2861 13137904 4467
2862 13142371 8551
2863 13150922 1535
2864 13152457 4792
2865 13157249 7357
2866 13164606 1292
2867 13165898 1068
2868 13166966 9013
2869 13175979 11137
2870 13187116 9160
2871 13196276 15880
2872 13212156 8643
2873 13220799 8336
2874 13229135 7251
2875 13236386 11158
2876 13247544 19415
2877 13266959 13499
2878 13280458 5454
2879 13285912 489
2880 13286401 821
2881 13287222 3188
2882 13290410 7321
2883 13297731 536
2884 13298267 1528
2885 13299795 3454
2886 13303249 2085
2887 13305334 9114
2888 13314448 7985
2889 13322433 8518
2890 13330951 4620
2891 13335571 2676
2892 13338247 4072
2893 13342319 7109
2894 13349428 3396
2895 13352824 2825
2896 13355649 668
2897 13356317 1047
2898 13357364 1629
2899 13358993 6625
2900 13365618 1341
2901 13366959 11368
2902 13378327 6309
2903 13384636 4401
2904 13389037 25166
2905 13414203 3735
2906 13417938 5071
2907 13423009 8345
2908 13431354 9729
2909 13441083 4546
2910 13445629 9563
2911 13455192 12706
2912 13467898 4651
2913 13472549 10895
2914 13483444 6239
2915 13489683 5094
2916 13494777 1745
2917 13496522 3803
2918 13500325 4756
2919 13505081 3699
2920 13508780 10666
2921 13519446 9833
2922 13529279 6765
2923 13536044 6031
2924 13542075 6539
2925 13548614 5767
2926 13554381 4062
2927 13558443 3830
2928 13562273 3469
2929 13565742 3796
2930 13569538 3279
2931 13572817 12185
2932 13585002 12686
2933 13597688 4218
2934 13601906 2807
2935 13604713 5554
2936 13610267 15809
2937 13626076 4264
2938 13630340 716
2939 13631056 1198
2940 13632254 4378
2941 13636632 4357
2942 13640989 2051
2943 13643040 12945
2944 13655985 6637
2945 13662622 8776
2946 13671398 7693
2947 13679091 10651
2948 13689742 6955
2949 13696697 8923
2950 13705620 2333
2951 13707953 8113
2952 13716066 8250
2953 13724316 3886
2954 13728202 5720
2955 13733922 10212
2956 13744134 2509
2957 13746643 13176
2958 13759819 4657
2959 13764476 522
2960 13764998 1511
2961 13766509 3025
2962 13769534 3744
2963 13773278 1623
2964 13774901 2688
2965 13777589 2673
2966 13780262 515
2967 13780777 4131
2968 13784908 6045
2969 13790953 1735
2970 13792688 3551
2971 13796239 2445
2972 13798684 5600
2973 13804284 4910
2974 13809194 907
2975 13810101 1269
2976 13811370 1999
2977 13813369 4046
2978 13817415 3485
2979 13820900 585
2980 13821485 4031
2981 13825516 2877
2982 13828393 2778
2983 13831171 3375
2984 13834546 5432
2985 13839978 4482
2986 13844460 4930
2987 13849390 2665
2988 13852055 8831
2989 13860886 9326
2990 13870212 5424
2991 13875636 2004
2992 13877640 7219
2993 13884859 1941
2994 13886800 2491
2995 13889291 8125
2996 13897416 1279
2997 13898695 1839
2998 13900534 3014
2999 13903548 4396
3000 13907944 2015
3001 13909959 1190
3002 13911149 1192
3003 13912341 5130
3004 13917471 2749
3005 13920220 4008
3006 13924228 1119
3007 13925347 1982
3008 13927329 2119
3009 13929448 1311
3010 13930759 2858
3011 13933617 1560
3012 13935177 743
3013 13935920 536
3014 13936456 866
3015 13937322 676
3016 13937998 538
3017 13938536 466
3018 13939002 1343
3019 13940345 3512
3020 13943857 3713
3021 13947570 515
3022 13948085 2077
3023 13950162 1333
3024 13951495 3351
3025 13954846 3163
3026 13958009 5302
3027 13963311 3008
3028 13966319 3775
3029 13970094 3252
3030 13973346 2998
3031 13976344 2061
3032 13978405 1889
3033 13980294 3145
3034 13983439 3707
3035 13987146 1934
3036 13989080 2124
3037 13991204 3574
3038 13994778 10829
3039 14005607 9817
3040 14015424 2034
3041 14017458 3768
3042 14021226 3336
3043 14024562 4128
3044 14028690 1518
3045 14030208 1434
3046 14031642 2327
3047 14033969 1926
3048 14035895 3090
3049 14038985 2713
3050 14041698 1885
3051 14043583 2347
3052 14045930 2652
3053 14048582 704
3054 14049286 5856
3055 14055142 3226
3056 14058368 8757
3057 14067125 3973
3058 14071098 1968
3059 14073066 3314
3060 14076380 7347
3061 14083727 2556
3062 14086283 2651
3063 14088934 9353
3064 14098287 18714
3065 14117001 3063
3066 14120064 2718
3067 14122782 5241
3068 14128023 2216
3069 14130239 4191
3070 14134430 6374
3071 14140804 937
3072 14141741 4810
3073 14146551 8077
3074 14154628 5255
3075 14159883 6445
3076 14166328 907
3077 14167235 3691
3078 14170926 2876
3079 14173802 3499
3080 14177301 2510
3081 14179811 3615
3082 14183426 4621
3083 14188047 9337
3084 14197384 9305
3085 14206689 11481
3086 14218170 2135
3087 14220305 4679
3088 14224984 2695
3089 14227679 1645
3090 14229324 5677
3091 14235001 2005
3092 14237006 1907
3093 14238913 8046
3094 14246959 8577
3095 14255536 2703
3096 14258239 4357
3097 14262596 3066
3098 14265662 1903
3099 14267565 10358
3100 14277923 6197
3101 14284120 4647
3102 14288767 5278
3103 14294045 1274
3104 14295319 1840
3105 14297159 3543
3106 14300702 3686
3107 14304388 2516
3108 14306904 7466
3109 14314370 6796
3110 14321166 6275
3111 14327441 8519
3112 14335960 3090
3113 14339050 2810
3114 14341860 1832
3115 14343692 6868
3116 14350560 3359
3117 14353919 2650
3118 14356569 1134
3119 14357703 11536
3120 14369239 10792
3121 14380031 9802
3122 14389833 6869
3123 14396702 8573
3124 14405275 2220
3125 14407495 484
3126 14407979 2696
3127 14410675 588
3128 14411263 4273
3129 14415536 2261
3130 14417797 8893
3131 14426690 6325
3132 14433015 1541
3133 14434556 7218
3134 14441774 2734
3135 14444508 7648
3136 14452156 4393
3137 14456549 2868
3138 14459417 6174
3139 14465591 9215
3140 14474806 2800
3141 14477606 4268
3142 14481874 3871
3143 14485745 1702
3144 14487447 6362
3145 14493809 5286
3146 14499095 5077
3147 14504172 7823
3148 14511995 1835
3149 14513830 2792
3150 14516622 784
3151 14517406 1065
3152 14518471 2891
3153 14521362 4396
3154 14525758 9497
3155 14535255 2172
3156 14537427 3159
3157 14540586 2104
3158 14542690 2280
3159 14544970 26748
3160 14571718 1874
3161 14573592 1754
3162 14575346 5214
3163 14580560 5436
3164 14585996 2496
3165 14588492 3397
3166 14591889 4704
3167 14596593 3691
3168 14600284 3368
3169 14603652 15082
3170 14618734 4074
3171 14622808 3507
3172 14626315 9941
3173 14636256 1636
3174 14637892 1465
3175 14639357 5767
3176 14645124 10706
3177 14655830 4860
3178 14660690 3782
3179 14664472 2171
3180 14666643 1244
3181 14667887 644
3182 14668531 1514
3183 14670045 4529
3184 14674574 2711
3185 14677285 1919
3186 14679204 8549
3187 14687753 6112
3188 14693865 5093
3189 14698958 1933
3190 14700891 6428
3191 14707319 2936
3192 14710255 2890
3193 14713145 7335
3194 14720480 1663
3195 14722143 1928
3196 14724071 2588
3197 14726659 1667
3198 14728326 1568
3199 14729894 10503
3200 14740397 7421
3201 14747818 3287
3202 14751105 2973
3203 14754078 1903
3204 14755981 5510
3205 14761491 8010
3206 14769501 3142
3207 14772643 484
3208 14773127 3607
3209 14776734 4946
3210 14781680 6763
3211 14788443 901
3212 14789344 2318
3213 14791662 4234
3214 14795896 3502
3215 14799398 2855
3216 14802253 5461
3217 14807714 4992
3218 14812706 7161
3219 14819867 1128
3220 14820995 3883
3221 14824878 1332
3222 14826210 7155
3223 14833365 3253
3224 14836618 4342
3225 14840960 4774
3226 14845734 2312
3227 14848046 5886
3228 14853932 2262
3229 14856194 1717
3230 14857911 14737
3231 14872648 9028
3232 14881676 5281
3233 14886957 1342
3234 14888299 5489
3235 14893788 1399
3236 14895187 6448
3237 14901635 4513
3238 14906148 9525
3239 14915673 1730
3240 14917403 3420
3241 14920823 9470
3242 14930293 3864
3243 14934157 7725
3244 14941882 13358
3245 14955240 3742
3246 14958982 13687
3247 14972669 1964
3248 14974633 3103
3249 14977736 2433
3250 14980169 7719
3251 14987888 2647
3252 14990535 2012
3253 14992547 6163
3254 14998710 4221
3255 15002931 4300
3256 15007231 3382
3257 15010613 6746
3258 15017359 3554
3259 15020913 3252
3260 15024165 4601
3261 15028766 5146
3262 15033912 4405
3263 15038317 3325
3264 15041642 4043
3265 15045685 1125
3266 15046810 7780
3267 15054590 4517
3268 15059107 4315
3269 15063422 4322
3270 15067744 4034
3271 15071778 5442
3272 15077220 7572
3273 15084792 2289
3274 15087081 2097
3275 15089178 2900
3276 15092078 2897
3277 15094975 4594
3278 15099569 5310
3279 15104879 3098
3280 15107977 4036
3281 15112013 5326
3282 15117339 4627
3283 15121966 5003
3284 15126969 2454
3285 15129423 2680
3286 15132103 2923
3287 15135026 8045
3288 15143071 1214
3289 15144285 762
3290 15145047 4081
3291 15149128 3237
3292 15152365 1519
3293 15153884 9746
3294 15163630 2954
3295 15166584 8545
3296 15175129 3867
3297 15178996 5124
3298 15184120 4806
3299 15188926 8422
3300 15197348 4693
3301 15202041 3861
3302 15205902 518
3303 15206420 4584
3304 15211004 4232
3305 15215236 3712
3306 15218948 5698
3307 15224646 7096
3308 15231742 6286
3309 15238028 2495
3310 15240523 3279
3311 15243802 947
3312 15244749 22520
3313 15267269 18207
3314 15285476 2542
3315 15288018 8278
3316 15296296 1616
3317 15297912 2365
3318 15300277 6932
3319 15307209 3259
3320 15310468 10785
3321 15321253 2842
3322 15324095 3416
3323 15327511 3165
3324 15330676 4742
3325 15335418 7114
3326 15342532 6771
3327 15349303 6050
3328 15355353 1036
3329 15356389 2735
3330 15359124 3386
3331 15362510 1039
3332 15363549 2400
3333 15365949 1530
3334 15367479 6087
3335 15373566 13283
3336 15386849 2072
3337 15388921 12649
3338 15401570 6279
3339 15407849 2842
3340 15410691 4948
3341 15415639 1929
3342 15417568 8876
3343 15426444 6440
3344 15432884 2430
3345 15435314 6079
3346 15441393 2637
3347 15444030 2687
3348 15446717 1887
3349 15448604 1343
3350 15449947 6993
3351 15456940 1515
3352 15458455 1018
3353 15459473 1018
3354 15460491 1018
3355 15461509 1018
3356 15462527 1018
3357 15463545 1018
3358 15464563 1018
3359 15465581 1018
3360 15466599 1018
3361 15467617 784
3362 15468401 1111
3363 15469512 8036
3364 15477548 5510
3365 15483058 1289
3366 15484347 1964
3367 15486311 4636
3368 15490947 6742
3369 15497689 7921
3370 15505610 3674
3371 15509284 5355
3372 15514639 1194
3373 15515833 8776
3374 15524609 5863
3375 15530472 2060
3376 15532532 4424
3377 15536956 1927
3378 15538883 2394
3379 15541277 1245
3380 15542522 2898
3381 15545420 2154
3382 15547574 3008
3383 15550582 2547
3384 15553129 1488
3385 15554617 3394
3386 15558011 1629
3387 15559640 6237
3388 15565877 2427
3389 15568304 2105
3390 15570409 4944
3391 15575353 8516
3392 15583869 5086
3393 15588955 1273
3394 15590228 1436
3395 15591664 2439
3396 15594103 2315
3397 15596418 1789
3398 15598207 3486
3399 15601693 3903
3400 15605596 437
3401 15606033 2414
3402 15608447 2053
3403 15610500 2375
3404 15612875 2653
3405 15615528 7826
3406 15623354 5030
3407 15628384 5763
3408 15634147 4448
3409 15638595 2465
3410 15641060 2445
3411 15643505 7222
3412 15650727 8333
3413 15659060 598
3414 15659658 2750
3415 15662408 3195
3416 15665603 1088
3417 15666691 1773
3418 15668464 1890
3419 15670354 517
3420 15670871 484
3421 15671355 600
3422 15671955 2572
3423 15674527 2507
3424 15677034 1919
3425 15678953 5667
3426 15684620 1993
3427 15686613 3764
3428 15690377 7987
3429 15698364 4149
3430 15702513 2336
3431 15704849 1573
3432 15706422 3002
3433 15709424 1772
3434 15711196 8123
3435 15719319 1697
3436 15721016 1915
3437 15722931 1556
3438 15724487 2552
3439 15727039 2000
3440 15729039 3678
3441 15732717 937
3442 15733654 1204
3443 15734858 1876
3444 15736734 1424
3445 15738158 3794
3446 15741952 5684
3447 15747636 2226
3448 15749862 2833
3449 15752695 1495
3450 15754190 5739
3451 15759929 2650
3452 15762579 1280
3453 15763859 1261
3454 15765120 1314
3455 15766434 7563
3456 15773997 1699
3457 15775696 2771
3458 15778467 1234
3459 15779701 1370
3460 15781071 5095
3461 15786166 3028
3462 15789194 1293
3463 15790487 2717
3464 15793204 1412
3465 15794616 917
3466 15795533 2749
3467 15798282 1491
3468 15799773 799
3469 15800572 2836
3470 15803408 1077
3471 15804485 8689
3472 15813174 2591
3473 15815765 1603
3474 15817368 2163
3475 15819531 1952
3476 15821483 6205
3477 15827688 2068
3478 15829756 1546
3479 15831302 3062
3480 15834364 4031
3481 15838395 2631
3482 15841026 2829
3483 15843855 1034
3484 15844889 1416
3485 15846305 5371
3486 15851676 1643
3487 15853319 3494
3488 15856813 2042
3489 15858855 5615
3490 15864470 6597
3491 15871067 1118
3492 15872185 1403
3493 15873588 350
3494 15873938 2126
3495 15876064 1697
3496 15877761 2820
3497 15880581 1190
3498 15881771 1934
3499 15883705 860
3500 15884565 1811
3501 15886376 2928
3502 15889304 6722
3503 15896026 2651
3504 15898677 1558
3505 15900235 1737
3506 15901972 1666
3507 15903638 945
3508 15904583 8638
3509 15913221 5379
3510 15918600 5439
3511 15924039 5274
3512 15929313 6369
3513 15935682 2026
3514 15937708 18945
3515 15956653 7523
3516 15964176 1810
3517 15965986 1227
3518 15967213 2894
3519 15970107 1844
3520 15971951 2682
3521 15974633 4111
3522 15978744 1391
3523 15980135 585
3524 15980720 6348
3525 15987068 2351
3526 15989419 1790
3527 15991209 3291
3528 15994500 1848
3529 15996348 13080
3530 16009428 523
3531 16009951 1499
3532 16011450 2943
3533 16014393 2303
3534 16016696 2768
3535 16019464 17723
3536 16037187 1032
3537 16038219 1087
3538 16039306 6478
3539 16045784 2096
3540 16047880 1933
3541 16049813 6177
3542 16055990 3527
3543 16059517 608
3544 16060125 1783
3545 16061908 3040
3546 16064948 1180
3547 16066128 2237
3548 16068365 3434
3549 16071799 4089
3550 16075888 4278
3551 16080166 6136
3552 16086302 3693
3553 16089995 702
3554 16090697 4270
3555 16094967 4073
3556 16099040 531
3557 16099571 967
3558 16100538 1557
3559 16102095 3654
3560 16105749 3575
3561 16109324 4789
3562 16114113 2693
3563 16116806 2076
3564 16118882 3127
3565 16122009 805
3566 16122814 7106
3567 16129920 935
3568 16130855 3102
3569 16133957 2337
3570 16136294 2641
3571 16138935 3338
3572 16142273 2549
3573 16144822 3801
3574 16148623 2040
3575 16150663 1856
3576 16152519 4352
3577 16156871 1426
3578 16158297 4392
3579 16162689 3875
3580 16166564 5563
3581 16172127 6546
3582 16178673 4392
3583 16183065 1749
3584 16184814 1216
3585 16186030 2756
3586 16188786 6412
3587 16195198 2533
3588 16197731 3440
3589 16201171 2696
3590 16203867 2197
3591 16206064 737
3592 16206801 8836
3593 16215637 6755
3594 16222392 2206
3595 16224598 2518
3596 16227116 2394
3597 16229510 2306
3598 16231816 1307
3599 16233123 1088
3600 16234211 2943
3601 16237154 10088
3602 16247242 1280
3603 16248522 3909
3604 16252431 1089
3605 16253520 458
3606 16253978 10523
3607 16264501 1835
3608 16266336 3349
3609 16269685 3241
3610 16272926 3442
3611 16276368 9518
3612 16285886 2163
3613 16288049 1087
3614 16289136 755
3615 16289891 1018
3616 16290909 1832
3617 16292741 8457
3618 16301198 3439
3619 16304637 6304
3620 16310941 4695
3621 16315636 5477
3622 16321113 1707
3623 16322820 5275
3624 16328095 1661
3625 16329756 1673
3626 16331429 6645
3627 16338074 2757
3628 16340831 1497
3629 16342328 2065
3630 16344393 2572
3631 16346965 2576
3632 16349541 3651
3633 16353192 6215
3634 16359407 3530
3635 16362937 6692
3636 16369629 9890
3637 16379519 2174
3638 16381693 3665
3639 16385358 2325
3640 16387683 3698
3641 16391381 2934
3642 16394315 3728
3643 16398043 1623
3644 16399666 10095
3645 16409761 2143
3646 16411904 4953
3647 16416857 2389
3648 16419246 1516
3649 16420762 7751
3650 16428513 6604
3651 16435117 4362
3652 16439479 9349
3653 16448828 6248
3654 16455076 5662
3655 16460738 2820
3656 16463558 5586
3657 16469144 10371
3658 16479515 4298
3659 16483813 5878
3660 16489691 4624
3661 16494315 2248
3662 16496563 3355
3663 16499918 8854
3664 16508772 1806
3665 16510578 5712
3666 16516290 4030
3667 16520320 4033
3668 16524353 2611
3669 16526964 361
3670 16527325 1859
3671 16529184 7340
3672 16536524 4420
3673 16540944 2434
3674 16543378 1731
3675 16545109 3046
3676 16548155 3458
3677 16551613 2741
3678 16554354 5051
3679 16559405 1179
3680 16560584 1158
3681 16561742 3069
3682 16564811 7453
3683 16572264 7460
3684 16579724 1166
3685 16580890 5899
3686 16586789 1667
3687 16588456 2305
3688 16590761 4669
3689 16595430 1703
3690 16597133 3289
3691 16600422 1896
3692 16602318 1160
3693 16603478 2582
3694 16606060 666
3695 16606726 2748
3696 16609474 5060
3697 16614534 1619
3698 16616153 2774
3699 16618927 4133
3700 16623060 1230
3701 16624290 1098
3702 16625388 1583
3703 16626971 1170
3704 16628141 1635
3705 16629776 822
3706 16630598 874
3707 16631472 3708
3708 16635180 827
3709 16636007 3062
3710 16639069 7799
3711 16646868 2514
3712 16649382 1486
3713 16650868 3102
3714 16653970 1146
3715 16655116 2647
3716 16657763 2322
3717 16660085 1334
3718 16661419 1026
3719 16662445 3624
3720 16666069 2996
3721 16669065 1439
3722 16670504 8211
3723 16678715 1446
3724 16680161 2020
3725 16682181 943
3726 16683124 1638
3727 16684762 1603
3728 16686365 901
3729 16687266 2391
3730 16689657 9400
3731 16699057 3864
3732 16702921 3272
3733 16706193 3675
3734 16709868 6248
3735 16716116 1460
3736 16717576 2674
3737 16720250 2066
3738 16722316 3058
3739 16725374 1583
3740 16726957 8408
3741 16735365 3421
3742 16738786 3331
3743 16742117 7824
3744 16749941 8052
3745 16757993 8439
3746 16766432 5585
3747 16772017 6999
3748 16779016 1767
3749 16780783 6329
3750 16787112 8767
3751 16795879 3765
3752 16799644 2708
3753 16802352 2348
3754 16804700 3788
3755 16808488 4730
3756 16813218 4186
3757 16817404 6928
3758 16824332 8327
3759 16832659 8264
3760 16840923 5292
3761 16846215 7570
3762 16853785 2809
3763 16856594 1036
3764 16857630 2997
3765 16860627 10343
3766 16870970 7438
3767 16878408 7499
3768 16885907 1008
3769 16886915 2906
3770 16889821 7982
3771 16897803 6908
3772 16904711 3999
3773 16908710 993
3774 16909703 9422
3775 16919125 9511
3776 16928636 2637
3777 16931273 3723
3778 16934996 5585
3779 16940581 14549
3780 16955130 3000
3781 16958130 4440
3782 16962570 7742
3783 16970312 6344
3784 16976656 2456
3785 16979112 3837
