1 0 474
2 475 3164
3 3640 2112
4 5753 10195
5 15949 1128
6 17078 1344
7 18423 5183
8 23607 2534
9 26142 6656
10 32799 7828
11 40628 1420
12 42049 1774
13 43824 2248
14 46073 3416
15 49490 1960
16 51451 2104
17 53556 6051
18 59608 2078
19 61687 1459
20 63147 1109
21 64257 3180
22 67438 6317
23 73756 1986
24 75743 2394
25 78138 2611
26 80750 2615
27 83366 3605
28 86972 1415
29 88388 8498
30 96887 3912
31 100800 1482
32 102283 10448
33 112732 4102
34 116835 7205
35 124041 10038
36 134080 3362
37 137443 6498
38 143942 4375
39 148318 4664
40 152983 2996
41 155980 1323
42 157304 3076
43 160381 1959
44 162341 1672
45 164014 1718
46 165733 3356
47 169090 2067
48 171158 2132
49 173291 986
50 174278 1896
51 176175 3960
52 180136 2201
53 182338 5401
54 187740 1747
55 189488 1899
56 191388 2547
57 193936 2197
58 196134 2382
59 198517 2189
60 200707 1796
61 202504 2386
62 204891 6021
63 210913 4957
64 215871 1631
65 217503 13678
66 231182 5375
67 236558 979
68 237538 14508
69 252047 1857
70 253905 1608
71 255514 1098
72 256613 1520
73 258134 1767
74 259902 6081
75 265984 2991
76 268976 3081
77 272058 2389
78 274448 1957
79 276406 2853
80 279260 5406
81 284667 15395
82 300063 7242
83 307306 3358
84 310665 3237
85 313903 2543
86 316447 2963
87 319411 1345
88 320757 2300
89 323058 5276
90 328335 1614
91 329950 1299
92 331250 1707
93 332958 1993
94 334952 2067
95 337020 2606
96 339627 2031
97 341659 1498
98 343158 1492
99 344651 1397
100 346049 2494
101 348544 3689
102 352234 2008
103 354243 3224
104 357468 2869
105 360338 7585
106 367924 418
107 368343 520
108 368864 11268
109 380133 4499
110 384633 3684
111 388318 9034
112 397353 3415
113 400769 2059
114 402829 2009
115 404839 7139
116 411979 6472
117 418452 3698
118 422151 2254
119 424406 14977
120 439384 6422
121 445807 1336
122 447144 1983
123 449128 2945
124 452074 2592
125 454667 2144
126 456812 1596
127 458409 748
128 459158 1398
129 460557 742
130 461300 394
131 461695 3995
132 465691 3932
133 469624 3070
134 472695 4172
135 476868 7615
136 484484 5445
137 489930 1363
138 491294 5334
139 496629 1180
140 497810 936
141 498747 1866
142 500614 2427
143 503042 5504
144 508547 2518
145 511066 8108
146 519175 2478
147 521654 923
148 522578 854
149 523433 1650
150 525084 2246
151 527331 7294
152 534626 1648
153 536275 4776
154 541052 2464
155 543517 3645
156 547163 2700
157 549864 6976
158 556841 2311
159 559153 3030
160 562184 4612
161 566797 2530
162 569328 2892
163 572221 1913
164 574135 1282
165 575418 4745
166 580164 1642
167 581807 1011
168 582819 1610
169 584430 1808
170 586239 4617
171 590857 1681
172 592539 2693
173 595233 9357
174 604591 1885
175 606477 2642
176 609120 9098
177 618219 3559
178 621779 6166
179 627946 3377
180 631324 2964
181 634289 7890
182 642180 1742
183 643923 2209
184 646133 1655
185 647789 971
186 648761 2396
187 651158 1687
188 652846 1789
189 654636 15087
190 669724 7395
191 677120 3151
192 680272 1683
193 681956 1419
194 683376 7696
195 691073 2000
196 693074 2122
197 695197 1792
198 696990 1694
199 698685 2085
200 700771 1165
201 701937 4326
202 706264 5470
203 711735 3026
204 714762 2758
205 717521 3751
206 721273 2133
207 723407 4017
208 727425 13148
209 740574 2524
210 743099 1928
211 745028 3632
212 748661 3875
213 752537 3885
214 756423 1906
215 758330 5448
216 763779 6886
217 770666 2518
218 773185 4592
219 777778 6986
220 784765 1513
221 786279 2494
222 788774 2683
223 791458 824
224 792283 5371
225 797655 279
226 797935 848
227 798784 3587
228 802372 5936
229 808309 1248
230 809558 1395
231 810954 3697
232 814652 4593
233 819246 2397
234 821644 2213
235 823858 3787
236 827646 4071
237 831718 939
238 832658 2948
239 835607 1150
240 836758 1794
241 838553 2013
242 840567 3137
243 843705 7154
244 850860 8623
245 859484 3977
246 863462 4008
247 867471 4638
248 872110 3914
249 876025 4641
250 880667 1168
251 881836 4227
252 886064 2719
253 888784 1727
254 890512 1089
255 891602 4051
256 895654 3887
257 899542 2901
258 902444 1301
259 903746 3177
260 906924 7702
261 914627 19085
262 933713 2208
263 935922 3796
264 939719 1658
265 941378 4264
266 945643 5132
267 950776 8865
268 959642 3155
269 962798 13388
270 976187 3756
271 979944 196
272 980141 6386
273 986528 8722
274 995251 5779
275 1001031 2178
276 1003210 4986
277 1008197 1225
278 1009423 3875
279 1013299 6376
280 1019676 1676
281 1021353 3451
282 1024805 2817
283 1027623 6304
284 1033928 5407
285 1039336 1818
286 1041155 6766
287 1047922 3685
288 1051608 10446
289 1062055 6992
290 1069048 4574
291 1073623 3536
292 1077160 6464
293 1083625 9650
294 1093276 1604
295 1094881 2789
296 1097671 2412
297 1100084 4571
298 1104656 8725
299 1113382 1597
300 1114980 4827
301 1119808 1975
302 1121784 3140
303 1124925 2457
304 1127383 7793
305 1135177 2670
306 1137848 2021
307 1139870 6224
308 1146095 4252
309 1150348 4372
310 1154721 3841
311 1158563 6894
312 1165458 3611
313 1169070 3291
314 1172362 4631
315 1176994 5273
316 1182268 4450
317 1186719 3426
318 1190146 4128
319 1194275 1146
320 1195422 7954
321 1203377 4578
322 1207956 4396
323 1212353 4381
324 1216735 4093
325 1220829 5571
326 1226401 7805
327 1234207 2353
328 1236561 2134
329 1238696 2957
330 1241654 2951
331 1244606 4621
332 1249228 5436
333 1254665 3175
334 1257841 4095
335 1261937 5467
336 1267405 4689
337 1272095 5125
338 1277221 2497
339 1279719 2735
340 1282455 2975
341 1285431 8269
342 1293701 1235
343 1294937 777
344 1295715 210
345 1295926 4155
346 1300082 3351
347 1303434 1551
348 1304986 9956
349 1314943 3075
350 1318019 8762
351 1326782 3970
352 1330753 5252
353 1336006 4939
354 1340946 8591
355 1349538 4804
356 1354343 3927
357 1358271 528
358 1358800 4693
359 1363494 4401
360 1367896 3821
361 1371718 5832
362 1377551 7224
363 1384776 6476
364 1391253 2580
365 1393834 3367
366 1397202 974
367 1398177 22918
368 1421096 18588
369 1439685 2590
370 1442276 8484
371 1450761 1653
372 1452415 2401
373 1454817 7143
374 1461961 3346
375 1465308 11021
376 1476330 2882
377 1479213 3518
378 1482732 3229
379 1485962 4843
380 1490806 7272
381 1498079 6910
382 1504990 6199
383 1511190 1081
384 1512272 2792
385 1515065 3453
386 1518519 1053
387 1519573 2444
388 1522018 1560
389 1523579 6351
390 1529931 13632
391 1543564 2104
392 1545669 12960
393 1558630 6477
394 1565108 2885
395 1567994 5039
396 1573034 1970
397 1575005 9052
398 1584058 6571
399 1590630 2487
400 1593118 6453
401 1599572 3141
402 1602714 5174
403 1607889 5565
404 1613455 4699
405 1618155 5536
406 1623692 1878
407 1625571 3882
408 1629454 6080
409 1635535 2463
410 1637999 4435
411 1642435 972
412 1643408 789
413 1644198 4173
414 1648372 2670
415 1651043 2959
416 1654003 1253
417 1655257 1946
418 1657204 2319
419 1659524 2737
420 1662262 2305
421 1664568 1292
422 1665861 4700
423 1670562 4581
424 1675144 3578
425 1678723 3131
426 1681855 4105
427 1685961 4504
428 1690466 2774
429 1693241 3822
430 1697064 2309
431 1699374 1740
432 1701115 2298
433 1703414 20499
434 1723914 3311
435 1727226 4083
436 1731310 1918
437 1733229 8733
438 1741963 2677
439 1744641 5316
440 1749958 5348
441 1755307 3688
442 1758996 4169
443 1763166 5931
444 1769098 3028
445 1772127 5461
446 1777589 1737
447 1779327 2620
448 1781948 5031
449 1786980 4788
450 1791769 3311
451 1795081 5419
452 1800501 5490
453 1805992 4277
454 1810270 2537
455 1812808 4411
456 1817220 7399
457 1824620 184
458 1824805 4730
459 1829536 169
460 1829706 901
461 1830608 792
462 1831401 2233
463 1833635 1778
464 1835414 936
465 1836351 1838
466 1838190 12136
467 1850327 4434
468 1854762 1880
469 1856643 6887
470 1863531 9980
471 1873512 1115
472 1874628 9944
473 1884573 3379
474 1887953 1401
475 1889355 3515
476 1892871 5365
477 1898237 4665
478 1902903 5540
479 1908444 3455
480 1911900 1734
481 1913635 780
482 1914416 2578
483 1916995 3939
484 1920935 3527
485 1924463 5168
486 1929632 5255
487 1934888 1313
488 1936202 9372
489 1945575 3287
490 1948863 593
491 1949457 1546
492 1951004 3318
493 1954323 1880
494 1956204 3275
495 1959480 5111
496 1964592 2130
497 1966723 5830
498 1972554 2300
499 1974855 4215
500 1979071 4916
501 1983988 3997
502 1987986 3999
503 1991986 4224
504 1996211 16825
505 2013037 2027
506 2015065 12329
507 2027395 14344
508 2041740 8871
509 2050612 8078
510 2058691 4809
511 2063501 11426
512 2074928 3406
513 2078335 5005
514 2083341 4585
515 2087927 4189
516 2092117 5561
517 2097679 3452
518 2101132 4295
519 2105428 4077
520 2109506 6570
521 2116077 3806
522 2119884 5532
523 2125417 3425
524 2128843 4505
525 2133349 24368
526 2157718 2035
527 2159754 4970
528 2164725 4952
529 2169678 5055
530 2174734 4192
531 2178927 3989
532 2182917 3347
533 2186265 23998
534 2210264 1977
535 2212242 4694
536 2216937 5352
537 2222290 15736
538 2238027 10360
539 2248388 1878
540 2250267 5110
541 2255378 5653
542 2261032 3259
543 2264292 6459
544 2270752 7348
545 2278101 5315
546 2283417 6606
547 2290024 3933
548 2293958 6332
549 2300291 5023
550 2305315 6904
551 2312220 4234
552 2316455 8221
553 2324677 5038
554 2329716 4541
555 2334258 34053
556 2368312 1960
557 2370273 4438
558 2374712 5778
559 2380491 4166
560 2384658 2267
561 2386926 21475
562 2408402 5182
563 2413585 4800
564 2418386 4382
565 2422769 2207
566 2424977 4534
567 2429512 4299
568 2433812 5644
569 2439457 4337
570 2443795 22549
571 2466345 4710
572 2471056 3924
573 2474981 5095
574 2480077 2142
575 2482220 4585
576 2486806 5419
577 2492226 5548
578 2497775 3137
579 2500913 5168
580 2506082 5604
581 2511687 6214
582 2517902 3476
583 2521379 5247
584 2526627 4748
585 2531376 4827
586 2536204 3789
587 2539994 6851
588 2546846 4835
589 2551682 4473
590 2556156 2297
591 2558454 25041
592 2583496 4780
593 2588277 5085
594 2593363 9498
595 2602862 10303
596 2613166 4183
597 2617350 4334
598 2621685 3929
599 2625615 5932
600 2631548 24236
601 2655785 2331
602 2658117 5155
603 2663273 5168
604 2668442 5470
605 2673913 3987
606 2677901 3311
607 2681213 3874
608 2685088 4621
609 2689710 4900
610 2694611 19095
611 2713707 2338
612 2716046 4719
613 2720766 8030
614 2728797 7917
615 2736715 2853
616 2739569 5070
617 2744640 7576
618 2752217 5102
619 2757320 5884
620 2763205 6223
621 2769429 3873
622 2773303 7690
623 2780994 4741
624 2785736 4493
625 2790230 3625
626 2793856 7432
627 2801289 5073
628 2806363 5081
629 2811445 23898
630 2835344 2316
631 2837661 3823
632 2841485 6750
633 2848236 4751
634 2852988 4974
635 2857963 3498
636 2861462 15594
637 2877057 4808
638 2881866 4031
639 2885898 4098
640 2889997 2157
641 2892155 4605
642 2896761 9070
643 2905832 4150
644 2909983 4540
645 2914524 4597
646 2919122 3022
647 2922145 9021
648 2931167 8261
649 2939429 2371
650 2941801 3779
651 2945581 5227
652 2950809 5201
653 2956011 4903
654 2960915 19075
655 2979991 4773
656 2984765 6404
657 2991170 2726
658 2993897 3430
659 2997328 5206
660 3002535 2805
661 3005341 11015
662 3016357 4476
663 3020834 5715
664 3026550 4320
665 3030871 3299
666 3034171 6034
667 3040206 4816
668 3045023 4314
669 3049338 3942
670 3053281 5467
671 3058749 4745
672 3063495 5734
673 3069230 22476
674 3091707 2544
675 3094252 4496
676 3098749 4387
677 3103137 5275
678 3108413 2584
679 3110998 4377
680 3115376 3722
681 3119099 4352
682 3123452 6254
683 3129707 27016
684 3156724 2533
685 3159258 5347
686 3164606 199
687 3164806 182
688 3164989 5170
689 3170160 16054
690 3186215 2175
691 3188391 2540
692 3190932 4108
693 3195041 3190
694 3198232 4199
695 3202432 3622
696 3206055 10990
697 3217046 10437
698 3227484 5479
699 3232964 13146
700 3246111 4805
701 3250917 5750
702 3256668 7628
703 3264297 7851
704 3272149 5381
705 3277531 7498
706 3285030 4511
707 3289542 3540
708 3293083 4470
709 3297554 6727
710 3304282 4963
711 3309246 32161
712 3341408 2268
713 3343677 13210
714 3356888 11108
715 3367997 7214
716 3375212 3637
717 3378850 12620
718 3391471 4461
719 3395933 2955
720 3398889 8502
721 3407392 2724
722 3410117 3300
723 3413418 2295
724 3415714 4459
725 3420174 16517
726 3436692 2341
727 3439034 4312
728 3443347 7327
729 3450675 4372
730 3455048 1985
731 3457034 5658
732 3462693 21929
733 3484623 2334
734 3486958 1959
735 3488918 2476
736 3491395 2845
737 3494241 18703
738 3512945 4331
739 3517277 6591
740 3523869 9951
741 3533821 4694
742 3538516 4514
743 3543031 3860
744 3546892 1957
745 3548850 6815
746 3555666 2767
747 3558434 5095
748 3563530 3348
749 3566879 7249
750 3574129 3653
751 3577783 4928
752 3582712 7088
753 3589801 4678
754 3594480 5749
755 3600230 4426
756 3604657 2235
757 3606893 22686
758 3629580 4674
759 3634255 3849
760 3638105 13556
761 3651662 2101
762 3653764 2096
763 3655861 2191
764 3658053 3029
765 3661083 1755
766 3662839 19697
767 3682537 4525
768 3687063 3836
769 3690900 4787
770 3695688 2720
771 3698409 2521
772 3700931 2287
773 3703219 2994
774 3706214 2422
775 3708637 3017
776 3711655 23019
777 3734675 4548
778 3739224 7366
779 3746591 2292
780 3748884 4113
781 3752998 2023
782 3755022 2070
783 3757093 3847
784 3760941 6201
785 3767143 5896
786 3773040 4434
787 3777475 4792
788 3782268 5376
789 3787645 3907
790 3791553 4884
791 3796438 4607
792 3801046 24794
793 3825841 2289
794 3828131 4163
795 3832295 4163
796 3836459 4677
797 3841137 2706
798 3843844 2289
799 3846134 2479
800 3848614 2479
801 3851094 2913
802 3854008 16877
803 3870886 4524
804 3875411 4527
805 3879939 2146
806 3882086 8402
807 3890489 2449
808 3892939 2933
809 3895873 2847
810 3898721 2907
811 3901629 20729
812 3922359 5478
813 3927838 4213
814 3932052 10191
815 3942244 10969
816 3953214 2332
817 3955547 4586
818 3960134 2918
819 3963053 5272
820 3968326 4099
821 3972426 6669
822 3979096 6877
823 3985974 3524
824 3989499 4267
825 3993767 3219
826 3996987 4828
827 4001816 2002
828 4003819 5170
829 4008990 24041
830 4033032 2244
831 4035277 4035
832 4039313 4304
833 4043618 209
834 4043828 2464
835 4046293 15654
836 4061948 2305
837 4064254 3201
838 4067456 4253
839 4071710 2744
840 4074455 2539
841 4076995 21514
842 4098510 4221
843 4102732 16589
844 4119322 4078
845 4123401 2304
846 4125706 4296
847 4130003 17191
848 4147195 4643
849 4151839 2144
850 4153984 13064
851 4167049 9827
852 4176877 5305
853 4182183 5610
854 4187794 3047
855 4190842 4297
856 4195140 9044
857 4204185 5653
858 4209839 5215
859 4215055 7149
860 4222205 6884
861 4229090 6695
862 4235786 5246
863 4241033 29561
864 4270595 3336
865 4273932 3982
866 4277915 5563
867 4283479 2715
868 4286195 7669
869 4293865 1985
870 4295851 2363
871 4298215 3064
872 4301280 4433
873 4305714 3088
874 4308803 2707
875 4311511 3861
876 4315373 2978
877 4318352 21311
878 4339664 5762
879 4345427 7471
880 4352899 4222
881 4357122 4700
882 4361823 1993
883 4363817 6254
884 4370072 2923
885 4372996 2532
886 4375529 2269
887 4377799 3133
888 4380933 13918
889 4394852 4277
890 4399130 4708
891 4403839 1881
892 4405721 4549
893 4410271 5680
894 4415952 2334
895 4418287 2482
896 4420770 4686
897 4425457 3635
898 4429093 9188
899 4438282 7570
900 4445853 4208
901 4450062 5334
902 4455397 3053
903 4458451 16020
904 4474472 5041
905 4479514 6079
906 4485594 4418
907 4490013 2320
908 4492334 2742
909 4495077 2066
910 4497144 2918
911 4500063 2530
912 4502594 13058
913 4515653 4780
914 4520434 4879
915 4525314 7358
916 4532673 2084
917 4534758 6275
918 4541034 12425
919 4553460 5937
920 4559398 5306
921 4564705 2283
922 4566989 7449
923 4574439 2301
924 4576741 3216
925 4579958 2524
926 4582483 2789
927 4585273 17573
928 4602847 4139
929 4606987 5296
930 4612284 2403
931 4614688 2385
932 4617074 6510
933 4623585 7264
934 4630850 4697
935 4635548 3682
936 4639231 1920
937 4641152 4106
938 4645259 4548
939 4649808 2746
940 4652555 4426
941 4656982 5208
942 4662191 2211
943 4664403 22517
944 4686921 22294
945 4709216 4016
946 4713233 3744
947 4716978 4158
948 4721137 2817
949 4723955 2503
950 4726459 17063
951 4743523 5113
952 4748637 3372
953 4752010 2222
954 4754233 1632
955 4755866 2579
956 4758446 3577
957 4762024 14626
958 4776651 3865
959 4780517 12988
960 4793506 4657
961 4798164 3475
962 4801640 2162
963 4803803 5355
964 4809159 1993
965 4811153 2519
966 4813673 3123
967 4816797 15000
968 4831798 3776
969 4835575 4660
970 4840236 3591
971 4843828 2532
972 4846361 2830
973 4849192 4709
974 4853902 8312
975 4862215 6761
976 4868977 9473
977 4878451 3599
978 4882051 3822
979 4885874 3985
980 4889860 2297
981 4892158 7748
982 4899907 21640
983 4921548 9836
984 4931385 7085
985 4938471 5223
986 4943695 5232
987 4948928 6083
988 4955012 5957
989 4960970 6029
990 4967000 3617
991 4970618 4392
992 4975011 4792
993 4979804 4739
994 4984544 5074
995 4989619 4803
996 4994423 2527
997 4996951 2329
998 4999281 4728
999 5004010 21945
1000 5025956 1485
1001 5027442 5001
1002 5032444 6546
1003 5038991 4723
1004 5043715 4241
1005 5047957 3609
1006 5051567 3056
1007 5054624 4107
1008 5058732 8651
1009 5067384 4042
1010 5071427 7538
1011 5078966 38574
1012 5117541 5446
1013 5122988 17878
1014 5140867 5297
1015 5146165 2775
1016 5148941 10547
1017 5159489 3789
1018 5163279 4734
1019 5168014 5414
1020 5173429 4832
1021 5178262 5252
1022 5183515 6732
1023 5190248 6491
1024 5196740 4685
1025 5201426 4156
1026 5205583 8959
1027 5214543 8411
1028 5222955 5489
1029 5228445 4278
1030 5232724 7450
1031 5240175 7911
1032 5248087 5654
1033 5253742 5364
1034 5259107 4471
1035 5263579 4966
1036 5268546 4324
1037 5272871 4376
1038 5277248 5352
1039 5282601 1263
1040 5283865 4015
1041 5287881 19878
1042 5307760 3715
1043 5311476 6339
1044 5317816 4684
1045 5322501 2820
1046 5325322 3487
1047 5328810 3920
1048 5332731 3474
1049 5336206 4283
1050 5340490 11922
1051 5352413 4250
1052 5356664 8225
1053 5364890 7869
1054 5372760 8009
1055 5380770 7316
1056 5388087 1635
1057 5389723 5258
1058 5394982 16455
1059 5411438 4614
1060 5416053 9455
1061 5425509 5315
1062 5430825 4203
1063 5435029 4792
1064 5439822 4037
1065 5443860 10515
1066 5454376 5561
1067 5459938 4119
1068 5464058 3169
1069 5467228 3752
1070 5470981 3927
1071 5474909 3319
1072 5478229 3424
1073 5481654 18437
1074 5500092 4814
1075 5504907 5370
1076 5510278 3405
1077 5513684 11481
1078 5525166 7883
1079 5533050 19545
1080 5552596 5461
1081 5558058 1236
1082 5559295 2133
1083 5561429 2877
1084 5564307 3672
1085 5567980 19360
1086 5587341 19783
1087 5607125 4358
1088 5611484 4304
1089 5615789 3528
1090 5619318 12571
1091 5631890 6791
1092 5638682 25793
1093 5664476 11234
1094 5675711 7101
1095 5682813 1557
1096 5684371 5954
1097 5690326 6358
1098 5696685 23597
1099 5720283 1573
1100 5721857 2816
1101 5724674 1038
1102 5725713 1094
1103 5726808 6698
1104 5733507 2169
1105 5735677 1940
1106 5737618 6698
1107 5744317 6215
1108 5750533 3636
1109 5754170 639
1110 5754810 1845
1111 5756656 3089
1112 5759746 1266
1113 5761013 2309
1114 5763323 1121
1115 5764445 3488
1116 5767934 4120
1117 5772055 4336
1118 5776392 6296
1119 5782689 3763
1120 5786453 720
1121 5787174 4285
1122 5791460 4089
1123 5795550 545
1124 5796096 1007
1125 5797104 1592
1126 5798697 3663
1127 5802361 3597
1128 5805959 4812
1129 5810772 2706
1130 5813479 2087
1131 5815567 3139
1132 5818707 810
1133 5819518 7190
1134 5826709 955
1135 5827665 3156
1136 5830822 2393
1137 5833216 2682
1138 5835899 3414
1139 5839314 2558
1140 5841873 4079
1141 5845953 2050
1142 5848004 1870
1143 5849875 4444
1144 5854320 1431
1145 5855752 4433
1146 5860186 3890
1147 5864077 5689
1148 5869767 6673
1149 5876441 4539
1150 5880981 1809
1151 5882791 1278
1152 5884070 2857
1153 5886928 6452
1154 5893381 2547
1155 5895929 3456
1156 5899386 2721
1157 5902108 2285
1158 5904394 10508
1159 5914903 772
1160 5915676 9124
1161 5924801 6822
1162 5931624 2213
1163 5933838 2529
1164 5936368 2399
1165 5938768 2378
1166 5941147 1355
1167 5942503 1144
1168 5943648 2954
1169 5946603 10180
1170 5956784 1285
1171 5958070 3977
1172 5962048 1133
1173 5963182 465
1174 5963648 10804
1175 5974453 1844
1176 5976298 3372
1177 5979671 3351
1178 5983023 3591
1179 5986615 9701
1180 5996317 2193
1181 5998511 1120
1182 5999632 789
1183 6000422 1063
1184 6001486 1841
1185 6003328 8530
1186 6011859 3464
1187 6015324 6354
1188 6021679 4823
1189 6026503 5619
1190 6032123 1715
1191 6033839 5369
1192 6039209 1700
1193 6040910 1719
1194 6042630 6811
1195 6049442 2793
1196 6052236 1505
1197 6053742 2075
1198 6055818 2589
1199 6058408 2586
1200 6060995 3789
1201 6064785 9662
1202 6074448 2029
1203 6076478 1863
1204 6078342 2655
1205 6080998 3197
1206 6084196 9548
1207 6093745 3472
1208 6097218 8388
1209 6105607 2147
1210 6107755 1736
1211 6109492 1075
1212 6110568 1488
1213 6112057 1065
1214 6113123 1378
1215 6114502 5370
1216 6119873 5002
1217 6124876 2161
1218 6127038 1748
1219 6128787 4026
1220 6132814 2329
1221 6135144 2266
1222 6137411 7680
1223 6145092 1325
1224 6146418 1484
1225 6147903 4289
1226 6152193 1273
1227 6153467 1241
1228 6154709 1418
1229 6156128 1695
1230 6157824 5193
1231 6163018 2532
1232 6165551 1382
1233 6166934 3191
1234 6170126 10940
1235 6181067 3838
1236 6184906 9585
1237 6194492 3794
1238 6198287 1575
1239 6199863 2122
1240 6201986 7041
1241 6209028 1873
1242 6210902 7371
1243 6218274 3395
1244 6221670 1928
1245 6223599 12896
1246 6236496 5260
1247 6241757 4685
1248 6246443 1384
1249 6247828 2482
1250 6250311 2329
1251 6252641 2161
1252 6254803 3614
1253 6258418 1388
1254 6259807 11053
1255 6270861 1177
1256 6272039 679
1257 6272719 4767
1258 6277487 2048
1259 6279536 1302
1260 6280839 909
1261 6281749 7420
1262 6289170 3123
1263 6292294 1902
1264 6294197 2885
1265 6297083 978
1266 6298062 1328
1267 6299391 1363
1268 6300755 535
1269 6301291 3979
1270 6305271 4628
1271 6309900 4965
1272 6314866 3252
1273 6318119 2218
1274 6320338 867
1275 6321206 793
1276 6322000 1252
1277 6323253 5692
1278 6328946 1598
1279 6330545 775
1280 6331321 1692
1281 6333014 12986
1282 6346001 561
1283 6346563 1849
1284 6348413 2479
1285 6350893 2330
1286 6353224 2695
1287 6355920 1657
1288 6357578 629
1289 6358208 2168
1290 6360377 2204
1291 6362582 2208
1292 6364791 2331
1293 6367123 2143
1294 6369267 489
1295 6369757 2436
1296 6372194 1241
1297 6373436 3109
1298 6376546 1567
1299 6378114 714
1300 6378829 1052
1301 6379882 3343
1302 6383226 3694
1303 6386921 6360
1304 6393282 1491
1305 6394774 2688
1306 6397463 2097
1307 6399561 3112
1308 6402674 1606
1309 6404281 8518
1310 6412800 3507
1311 6416308 3394
1312 6419703 1369
1313 6421073 7919
1314 6428993 8203
1315 6437197 8640
1316 6445838 5689
1317 6451528 7422
1318 6458951 7085
1319 6466037 5494
1320 6471532 1798
1321 6473331 6427
1322 6479759 9039
1323 6488799 3867
1324 6492667 4596
1325 6497264 2730
1326 6499995 2400
1327 6502396 3864
1328 6506261 4812
1329 6511074 4265
1330 6515340 3250
1331 6518591 7055
1332 6525647 8578
1333 6534226 8491
1334 6542718 2799
1335 6545518 648
1336 6546167 4192
1337 6550360 8138
1338 6558499 8339
1339 6566839 5410
1340 6572250 2415
1341 6574666 7600
1342 6582267 6644
1343 6588912 3464
1344 6592377 2901
1345 6595279 1061
1346 6596341 3055
1347 6599397 10602
1348 6610000 7565
1349 6617566 7618
1350 6625185 1042
1351 6626228 2970
1352 6629199 1795
1353 6630995 8029
1354 6639025 6943
1355 6645969 4063
1356 6650033 1033
1357 6651067 9581
1358 6660649 9632
1359 6670282 2707
1360 6672990 3795
1361 6676786 5692
1362 6682479 14784
1363 6697264 3046
1364 6700311 4457
1365 6704769 7893
1366 6712663 6500
1367 6719164 2508
1368 6721673 3867
1369 6725541 3802
1370 6729344 1860
1371 6731205 3387
1372 6734593 5079
1373 6739673 2241
1374 6741915 1107
1375 6743023 1364
1376 6744388 3996
1377 6748385 991
1378 6749377 3487
1379 6752865 3301
1380 6756167 3676
1381 6759844 3277
1382 6763122 2465
1383 6765588 987
1384 6766576 1262
1385 6767839 8067
1386 6775907 7013
1387 6782921 4484
1388 6787406 7298
1389 6794705 996
1390 6795702 3330
1391 6799033 9071
1392 6808105 2148
1393 6810254 6296
1394 6816551 6287
1395 6822839 1143
1396 6823983 831
1397 6824815 6801
1398 6831617 3582
1399 6835200 2681
1400 6837882 1024
1401 6838907 5320
1402 6844228 1314
1403 6845543 14606
1404 6860150 1106
1405 6861257 1327
1406 6862585 5245
1407 6867831 2512
1408 6870344 3099
1409 6873444 6884
1410 6880329 6216
1411 6886546 9214
1412 6895761 11707
1413 6907469 2083
1414 6909553 6512
1415 6916066 5827
1416 6921894 10040
1417 6931935 7718
1418 6939654 199
1419 6939854 235
1420 6940090 260
1421 6940351 187
1422 6940539 221
1423 6940761 199
1424 6940961 244
1425 6941206 5988
1426 6947195 1233
1427 6948429 4945
1428 6953375 9992
1429 6963368 5514
1430 6968883 3047
1431 6971931 2000
1432 6973932 1964
1433 6975897 2327
1434 6978225 1830
1435 6980056 1424
1436 6981481 1504
1437 6982986 1569
1438 6984556 1643
1439 6986200 3465
1440 6989666 2555
1441 6992222 15283
1442 7007506 3311
1443 7010818 7978
1444 7018797 3684
1445 7022482 3434
1446 7025917 6160
1447 7032078 2560
1448 7034639 3694
1449 7038334 2765
1450 7041100 9371
1451 7050472 1388
1452 7051861 185
1453 7052047 1936
1454 7053984 4981
1455 7058966 1406
1456 7060373 1702
1457 7062076 1840
1458 7063917 2880
1459 7066798 8173
1460 7074972 7524
1461 7082497 3495
1462 7085993 9755
1463 7095749 1649
1464 7097399 956
1465 7098356 1659
1466 7100016 4137
1467 7104154 3766
1468 7107921 1029
1469 7108951 15097
1470 7124049 4137
1471 7128187 6514
1472 7134702 3491
1473 7138194 3502
1474 7141697 1220
1475 7142918 4797
1476 7147716 766
1477 7148483 503
1478 7148987 7795
1479 7156783 2863
1480 7159647 3633
1481 7163281 2739
1482 7166021 1217
1483 7167239 997
1484 7168237 2149
1485 7170387 244
1486 7170632 199
1487 7170832 254
1488 7171087 11867
1489 7182955 5361
1490 7188317 5904
1491 7194222 1770
1492 7195993 1054
1493 7197048 22675
1494 7219724 1511
1495 7221236 6625
1496 7227862 6418
1497 7234281 9582
1498 7243864 1634
1499 7245499 3780
1500 7249280 2104
1501 7251385 1598
1502 7252984 3086
1503 7256071 1187
1504 7257259 592
1505 7257852 1578
1506 7259431 1649
1507 7261081 1575
1508 7262657 8829
1509 7271487 7792
1510 7279280 4444
1511 7283725 2935
1512 7286661 618
1513 7287280 7700
1514 7294981 4058
1515 7299040 12565
1516 7311606 4939
1517 7316546 2538
1518 7319085 3914
1519 7323000 16218
1520 7339219 6324
1521 7345544 2635
1522 7348180 314
1523 7348495 2364
1524 7350860 3871
1525 7354732 2833
1526 7357566 13576
1527 7371143 7947
1528 7379091 1924
1529 7381016 2795
1530 7383812 1946
1531 7385759 1864
1532 7387624 3486
1533 7391111 2231
1534 7393343 3073
1535 7396417 2006
1536 7398424 1844
1537 7400269 2206
1538 7402476 2952
1539 7405429 2872
1540 7408302 1945
1541 7410248 2230
1542 7412479 2205
1543 7414685 1843
1544 7416529 2005
1545 7418535 2619
1546 7421155 3336
1547 7424492 2183
1548 7426676 1926
1549 7428603 1789
1550 7430393 2101
1551 7432495 4517
1552 7437013 3913
1553 7440927 3815
1554 7444743 3022
1555 7447766 2467
1556 7450234 2582
1557 7452817 2347
1558 7455165 2388
1559 7457554 4517
1560 7462072 329
1561 7462402 5880
1562 7468283 3913
1563 7472197 3815
1564 7476013 9969
1565 7485983 2823
1566 7488807 975
1567 7489783 4439
1568 7494223 7187
1569 7501411 314
1570 7501726 3214
1571 7504941 2687
1572 7507629 2394
1573 7510024 2613
1574 7512638 3584
1575 7516223 4369
1576 7520593 2626
1577 7523220 5007
1578 7528228 2765
1579 7530994 8243
1580 7539238 2768
1581 7542007 6303
1582 7548311 2462
1583 7550774 1235
1584 7552010 17856
1585 7569867 9889
1586 7579757 2976
1587 7582734 3259
1588 7585994 5903
1589 7591898 3498
1590 7595397 1957
1591 7597355 3095
1592 7600451 4510
1593 7604962 4391
1594 7609354 3735
1595 7613090 3007
1596 7616098 24591
1597 7640690 11348
1598 7652039 16340
1599 7668380 30743
1600 7699124 3801
1601 7702926 208
1602 7703135 170
1603 7703306 198
1604 7703505 170
1605 7703676 4108
1606 7707785 12672
1607 7720458 16854
1608 7737313 12217
1609 7749531 22490
1610 7772022 43484
1611 7815507 183
1612 7815691 15785
1613 7831477 28277
1614 7859755 12330
1615 7872086 224
1616 7872311 170
1617 7872482 3907
1618 7876390 164
1619 7876555 33596
1620 7910152 2391
1621 7912544 2274
1622 7914819 15049
1623 7929869 10942
1624 7940812 7813
1625 7948626 9426
1626 7958053 2474
1627 7960528 6065
1628 7966594 8340
1629 7974935 185
1630 7975121 14032
1631 7989154 13311
1632 8002466 28281
1633 8030748 173
1634 8030922 15766
1635 8046689 213
1636 8046903 13727
1637 8060631 214
1638 8060846 25067
1639 8085914 360
1640 8086275 185
1641 8086461 30121
1642 8116583 6914
1643 8123498 22039
1644 8145538 4190
1645 8149729 5562
1646 8155292 3453
1647 8158746 4296
1648 8163043 4078
1649 8167122 6571
1650 8173694 3807
1651 8177502 5533
1652 8183036 3426
1653 8186463 4506
1654 8190970 210
1655 8191181 2857
1656 8194039 16268
1657 8210308 4104
1658 8214413 12979
1659 8227393 16845
1660 8244239 12336
1661 8256576 22427
1662 8279004 63852
1663 8342857 214
1664 8343072 94234
1665 8437307 28297
1666 8465605 204
1667 8465810 14120
1668 8479931 13204
1669 8493136 28307
1670 8521444 219
1671 8521664 25072
1672 8546737 172
1673 8546910 30001
1674 8576912 28280
1675 8605193 172
1676 8605366 190
1677 8605557 183
1678 8605741 210
1679 8605952 3705
1680 8609658 10049
1681 8619708 16866
1682 8636575 12224
1683 8648800 17171
1684 8665972 42227
1685 8708200 215
1686 8708416 93883
1687 8802300 28277
1688 8830578 201
1689 8830780 307
1690 8831088 327
1691 8831416 184
1692 8831601 14060
1693 8845662 13343
1694 8859006 210
1695 8859217 280
1696 8859498 316
1697 8859815 1733
1698 8861549 172
1699 8861722 261
1700 8861984 28280
1701 8890265 192
1702 8890458 10177
1703 8900636 235
1704 8900872 55713
1705 8956586 10361
1706 8966948 5392
1707 8972341 8896
1708 8981238 7654
1709 8988893 6482
1710 8995376 181
1711 8995558 94256
1712 9089815 7088
1713 9096904 212
1714 9097117 194
1715 9097312 5505
1716 9102818 5370
1717 9108189 6897
1718 9115087 204
1719 9115292 6926
1720 9122219 186
1721 9122406 9676
1722 9132083 190
1723 9132274 11861
1724 9144136 6877
1725 9151014 5316
1726 9156331 6607
1727 9162939 3934
1728 9166874 6333
1729 9173208 5024
1730 9178233 6905
1731 9185139 4235
1732 9189375 8222
1733 9197598 5039
1734 9202638 4542
1735 9207181 17413
1736 9224595 198
1737 9224794 3175
1738 9227970 7985
1739 9235956 3782
1740 9239739 5441
1741 9245181 10487
1742 9255669 7486
1743 9263156 8422
1744 9271579 24890
1745 9296470 185
1746 9296656 15695
1747 9312352 6888
1748 9319241 192
1749 9319434 5532
1750 9324967 5231
1751 9330199 3518
1752 9333718 6920
1753 9340639 3511
1754 9344151 2972
1755 9347124 3617
1756 9350742 214
1757 9350957 10253
1758 9361211 15079
1759 9376291 170
1760 9376462 11906
1761 9388369 6913
1762 9395283 13925
1763 9409209 14230
1764 9423440 171
1765 9423612 5046
1766 9428659 209
1767 9428869 183
1768 9429053 189
1769 9429243 183
1770 9429427 3698
1771 9433126 5330
1772 9438457 10077
1773 9448535 7567
1774 9456103 8565
1775 9464669 16977
1776 9481647 184
1777 9481832 15703
1778 9497536 6876
1779 9504413 171
1780 9504585 5533
1781 9510119 186
1782 9510306 5550
1783 9515857 5260
1784 9521118 6904
1785 9528023 214
1786 9528238 9992
1787 9538231 182
1788 9538414 11850
1789 9550265 6869
1790 9557135 209
1791 9557345 183
1792 9557529 164
1793 9557694 183
1794 9557878 3815
1795 9561694 5324
1796 9567019 10057
1797 9577077 7522
1798 9584600 8413
1799 9593014 17215
1800 9610230 184
1801 9610415 15733
1802 9626149 6911
1803 9633061 207
1804 9633269 5649
1805 9638919 5324
1806 9644244 6913
1807 9651158 276
1808 9651435 9401
1809 9660837 171
1810 9661009 16379
1811 9677389 211
1812 9677601 6882
1813 9684484 164
1814 9684649 11846
1815 9696496 6890
1816 9703387 186
1817 9703574 204
1818 9703779 186
1819 9703966 198
1820 9704165 186
1821 9704352 180
1822 9704533 186
1823 9704720 183
1824 9704904 198
1825 9705103 192
1826 9705296 17396
1827 9722693 183
1828 9722877 15783
1829 9738661 213
1830 9738875 3404
1831 9742280 8079
1832 9750360 3656
1833 9754017 5461
1834 9759479 10064
1835 9769544 7569
1836 9777114 8447
1837 9785562 23804
1838 9809367 181
1839 9809549 5591
1840 9815141 5259
1841 9820401 6878
1842 9827280 7002
1843 9834283 213
1844 9834497 9199
1845 9843697 11926
1846 9855624 191
1847 9855816 185
1848 9856002 165
1849 9856168 11767
1850 9867936 6904
1851 9874841 192
1852 9875034 164
1853 9875199 183
1854 9875383 208
1855 9875592 3641
1856 9879234 5326
1857 9884561 10052
1858 9894614 7537
1859 9902152 8286
1860 9910439 17702
1861 9928142 177
1862 9928320 15772
1863 9944093 6869
1864 9950963 197
1865 9951161 5626
1866 9956788 5220
1867 9962009 6861
1868 9968871 223
1869 9969095 9298
1870 9978394 204
1871 9978599 8962
1872 9987562 171
1873 9987734 11792
1874 9999527 6872
1875 10006400 169
1876 10006570 3191
1877 10009762 190
1878 10009953 176
1879 10010130 158
1880 10010289 208
1881 10010498 3662
1882 10014161 5548
1883 10019710 10145
1884 10029856 7438
1885 10037295 8300
1886 10045596 17205
1887 10062802 6858
1888 10069661 183
1889 10069845 15771
1890 10085617 9215
1891 10094833 223
1892 10095057 203
1893 10095261 5608
1894 10100870 5268
1895 10106139 194
1896 10106334 185
1897 10106520 6869
1898 10113390 181
1899 10113572 16427
1900 10130000 211
1901 10130212 6869
1902 10137082 231
1903 10137314 9412
1904 10146727 185
1905 10146913 205
1906 10147119 11911
1907 10159031 6852
1908 10165884 5885
1909 10171770 6224
1910 10177995 3874
1911 10181870 7691
1912 10189562 4742
1913 10194305 4494
1914 10198800 3626
1915 10202427 7433
1916 10209861 5074
1917 10214936 5082
1918 10220019 17439
1919 10237459 210
1920 10237670 3424
1921 10241095 8042
1922 10249138 3845
1923 10252984 5700
1924 10258685 10052
1925 10268738 7586
1926 10276325 8351
1927 10284677 24701
1928 10309379 171
1929 10309551 15774
1930 10325326 188
1931 10325515 5911
1932 10331427 10634
1933 10342062 186
1934 10342249 7100
1935 10349350 191
1936 10349542 5650
1937 10355193 5275
1938 10360469 3669
1939 10364139 6908
1940 10371048 213
1941 10371262 9926
1942 10381189 171
1943 10381361 11933
1944 10393295 6914
1945 10400210 232
1946 10400443 158
1947 10400602 222
1948 10400825 158
1949 10400984 3597
1950 10404582 5583
1951 10410166 10088
1952 10420255 7625
1953 10427881 8347
1954 10436229 17576
1955 10453806 183
1956 10453990 15861
1957 10469852 6905
1958 10476758 189
1959 10476948 197
1960 10477146 5674
1961 10482821 5349
1962 10488171 6931
1963 10495103 250
1964 10495354 173
1965 10495528 176
1966 10495705 201
1967 10495907 9150
1968 10505058 171
1969 10505230 11909
1970 10517140 6939
1971 10524080 218
1972 10524299 225
1973 10524525 4252
1974 10528778 177
1975 10528956 15840
1976 10544797 158
1977 10544956 185
1978 10545142 165
1979 10545308 195
1980 10545504 6173
1981 10551678 5826
1982 10557505 10682
1983 10568188 208
1984 10568397 3551
1985 10571949 5515
1986 10577465 10093
1987 10587559 7555
1988 10595115 8312
1989 10603428 16874
1990 10620303 7192
1991 10627496 185
1992 10627682 5656
1993 10633339 5296
1994 10638636 7199
1995 10645836 242
1996 10646079 17248
1997 10663328 14990
1998 10678319 194
1999 10678514 3310
2000 10681825 235
2001 10682061 6583
2002 10688645 213
2003 10688859 10098
2004 10698958 171
2005 10699130 11991
2006 10711122 180
2007 10711303 7167
2008 10718471 182
2009 10718654 5716
2010 10724371 4321
2011 10728693 3300
2012 10731994 6035
2013 10738030 4817
2014 10742848 4315
2015 10747164 3943
2016 10751108 5468
2017 10756577 4746
2018 10761324 5735
2019 10767060 16913
2020 10783974 210
2021 10784185 8071
2022 10792257 2755
2023 10795013 3375
2024 10798389 5751
2025 10804141 10104
2026 10814246 7639
2027 10821886 8469
2028 10830356 22811
2029 10853168 184
2030 10853353 15797
2031 10869151 7196
2032 10876348 185
2033 10876534 5607
2034 10882142 5154
2035 10887297 7206
2036 10894504 234
2037 10894739 233
2038 10894973 10348
2039 10905322 190
2040 10905513 11811
2041 10917325 7143
2042 10924469 15255
2043 10939725 207
2044 10939933 210
2045 10940144 222
2046 10940367 216
2047 10940584 210
2048 10940795 2569
2049 10943365 4835
2050 10948201 9241
2051 10957443 6944
2052 10964388 7756
2053 10972145 16352
2054 10988498 190
2055 10988689 15689
2056 11004379 7159
2057 11011539 3070
2058 11014610 200
2059 11014811 5524
2060 11020336 5356
2061 11025693 7167
2062 11032861 200
2063 11033062 183
2064 11033246 261
2065 11033508 9585
2066 11043094 205
2067 11043300 57128
2068 11100429 7171
2069 11107601 196
2070 11107798 15845
2071 11123644 223
2072 11123868 5810
2073 11129679 7208
2074 11136888 179
2075 11137068 5076
2076 11142145 5037
2077 11147183 7209
2078 11154393 193
2079 11154587 13175
2080 11167763 230
2081 11167994 10385
2082 11178380 184
2083 11178565 3502
2084 11182068 7173
2085 11189242 188
2086 11189431 194
2087 11189626 182
2088 11189809 227
2089 11190037 3235
2090 11193273 6828
2091 11200102 3345
2092 11203448 4806
2093 11208255 5751
2094 11214007 7629
2095 11221637 7852
2096 11229490 5382
2097 11234873 7499
2098 11242373 4512
2099 11246886 3541
2100 11250428 4471
2101 11254900 5673
2102 11260574 2557
2103 11263132 8587
2104 11271720 7410
2105 11279131 2424
2106 11281556 1468
2107 11283025 1648
2108 11284674 2681
2109 11287356 2589
2110 11289946 2260
2111 11292207 3071
2112 11295279 2077
2113 11297357 2995
2114 11300353 6963
2115 11307317 6369
2116 11313687 6901
2117 11320589 6780
2118 11327370 3952
2119 11331323 8133
2120 11339457 7794
2121 11347252 3124
2122 11350377 1807
2123 11352185 2991
2124 11355177 1623
2125 11356801 3033
2126 11359835 3444
2127 11363280 1868
2128 11365149 1535
2129 11366685 4779
2130 11371465 1752
2131 11373218 1526
2132 11374745 2472
2133 11377218 3623
2134 11380842 2071
2135 11382914 1466
2136 11384381 2819
2137 11387201 7825
2138 11395027 3340
2139 11398368 3633
2140 11402002 8882
2141 11410885 3741
2142 11414627 2832
2143 11417460 2209
2144 11419670 3575
2145 11423246 3502
2146 11426749 2078
2147 11428828 1607
2148 11430436 1801
2149 11432238 6367
2150 11438606 3206
2151 11441813 2242
2152 11444056 1867
2153 11445924 3429
2154 11449354 5511
2155 11454866 2012
2156 11456879 4157
2157 11461037 2721
2158 11463759 3764
2159 11467524 1753
2160 11469278 1544
2161 11470823 1553
2162 11472377 1625
2163 11474003 3655
2164 11477659 2740
2165 11480400 3967
2166 11484368 2386
2167 11486755 2400
2168 11489156 2594
2169 11491751 2377
2170 11494129 2539
2171 11496669 23258
2172 11519928 3219
2173 11523148 3621
2174 11526770 6323
2175 11533094 3092
2176 11536187 3300
2177 11539488 3413
2178 11542902 5240
2179 11548143 1615
2180 11549759 2592
2181 11552352 3422
2182 11555775 2453
2183 11558229 1081
2184 11559311 2364
2185 11561676 5084
2186 11566761 4228
2187 11570990 3019
2188 11574010 3778
2189 11577789 2640
2190 11580430 5421
2191 11585852 2528
2192 11588381 3790
2193 11592172 1100
2194 11593273 5315
2195 11598589 1443
2196 11600033 1215
2197 11601249 2045
2198 11603295 7444
2199 11610740 3330
2200 11614071 2538
2201 11616610 5137
2202 11621748 7830
2203 11629579 5324
2204 11634904 11013
2205 11645918 1838
2206 11647757 7273
2207 11655031 3694
2208 11658726 7932
2209 11666659 484
2210 11667144 5219
2211 11672364 2500
2212 11674865 3087
2213 11677953 3885
2214 11681839 755
2215 11682595 877
2216 11683473 5678
2217 11689152 1490
2218 11690643 2144
2219 11692788 2624
2220 11695413 3672
2221 11699086 3276
2222 11702363 2092
2223 11704456 4832
2224 11709289 10148
2225 11719438 593
2226 11720032 3170
2227 11723203 3459
2228 11726663 5320
2229 11731984 3769
2230 11735754 6254
2231 11742009 9862
2232 11751872 2081
2233 11753954 1637
2234 11755592 3129
2235 11758722 5586
2236 11764309 3674
2237 11767984 1988
2238 11769973 4400
2239 11774374 1370
2240 11775745 9459
2241 11785205 4582
2242 11789788 2587
2243 11792376 3581
2244 11795958 1809
2245 11797768 1489
2246 11799258 1511
2247 11800770 4722
2248 11805493 2897
2249 11808391 8565
2250 11816957 7781
2251 11824739 5312
2252 11830052 3047
2253 11833100 7130
2254 11840231 1200
2255 11841432 2807
2256 11844240 2594
2257 11846835 1954
2258 11848790 2323
2259 11851114 530
2260 11851645 5887
2261 11857533 523
2262 11858057 2079
2263 11860137 6631
2264 11866769 5886
2265 11872656 2524
2266 11875181 3078
2267 11878260 8945
2268 11887206 3620
2269 11890827 3897
2270 11894725 3044
2271 11897770 8960
2272 11906731 4044
2273 11910776 3397
2274 11914174 3642
2275 11917817 1471
2276 11919289 4486
2277 11923776 1026
2278 11924803 1780
2279 11926584 5600
2280 11932185 2099
2281 11934285 1800
2282 11936086 15858
2283 11951945 5937
2284 11957883 2258
2285 11960142 2622
2286 11962765 5407
2287 11968173 3926
2288 11972100 13775
2289 11985876 3830
2290 11989707 1853
2291 11991561 3643
2292 11995205 6598
2293 12001804 2965
2294 12004770 569
2295 12005340 4694
2296 12010035 4560
2297 12014596 2714
2298 12017311 4747
2299 12022059 2162
2300 12024222 744
2301 12024967 765
2302 12025733 3233
2303 12028967 770
2304 12029738 6220
2305 12035959 6362
2306 12042322 5740
2307 12048063 10751
2308 12058815 3796
2309 12062612 1587
2310 12064200 2152
2311 12066353 9587
2312 12075941 4315
2313 12080257 6388
2314 12086646 3051
2315 12089698 6101
2316 12095800 6082
2317 12101883 1696
2318 12103580 6475
2319 12110056 3278
2320 12113335 6713
2321 12120049 9037
2322 12129087 1428
2323 12130516 2913
2324 12133430 1778
2325 12135209 3354
2326 12138564 6020
2327 12144585 6800
2328 12151386 6306
2329 12157693 6428
2330 12164122 9703
2331 12173826 9744
2332 12183571 1184
2333 12184756 717
2334 12185474 1150
2335 12186625 3800
2336 12190426 672
2337 12191099 5530
2338 12196630 1395
2339 12198026 2784
2340 12200811 2321
2341 12203133 5531
2342 12208665 12221
2343 12220887 2600
2344 12223488 26089
2345 12249578 3714
2346 12253293 4039
2347 12257333 12434
2348 12269768 4405
2349 12274174 3895
2350 12278070 14655
2351 12292726 12277
2352 12305004 3679
2353 12308684 1640
2354 12310325 9106
2355 12319432 1807
2356 12321240 716
2357 12321957 3235
2358 12325193 2860
2359 12328054 5823
2360 12333878 9622
2361 12343501 4047
2362 12347549 1138
2363 12348688 1789
2364 12350478 5504
2365 12355983 4601
2366 12360585 4547
2367 12365133 4398
2368 12369532 1862
2369 12371395 4374
2370 12375770 3679
2371 12379450 6168
2372 12385619 4195
2373 12389815 1109
2374 12390925 738
2375 12391664 8848
2376 12400513 3958
2377 12404472 7011
2378 12411484 1516
2379 12413001 2482
2380 12415484 1091
2381 12416576 1029
2382 12417606 1020
2383 12418627 5331
2384 12423959 11003
2385 12434963 751
2386 12435715 670
2387 12436386 4022
2388 12440409 10094
2389 12450504 1313
2390 12451818 3114
2391 12454933 856
2392 12455790 687
2393 12456478 631
2394 12457110 992
2395 12458103 730
2396 12458834 1757
2397 12460592 12303
2398 12472896 4331
2399 12477228 11196
2400 12488425 3615
2401 12492041 5113
2402 12497155 9798
2403 12506954 1659
2404 12508614 748
2405 12509363 733
2406 12510097 2927
2407 12513025 1877
2408 12514903 2318
2409 12517222 3189
2410 12520412 2899
2411 12523312 2962
2412 12526275 3014
2413 12529290 2444
2414 12531735 2475
2415 12534211 2544
2416 12536756 860
2417 12537617 1602
2418 12539220 5836
2419 12545057 2584
2420 12547642 1294
2421 12548937 2051
2422 12550989 1586
2423 12552576 2904
2424 12555481 5809
2425 12561291 1201
2426 12562493 2828
2427 12565322 1850
2428 12567173 1243
2429 12568417 1127
2430 12569545 1784
2431 12571330 5998
2432 12577329 1808
2433 12579138 3446
2434 12582585 1601
2435 12584187 619
2436 12584807 2710
2437 12587518 905
2438 12588424 5767
2439 12594192 5217
2440 12599410 1619
2441 12601030 770
2442 12601801 799
2443 12602601 2491
2444 12605093 5806
2445 12610900 3745
2446 12614646 3721
2447 12618368 3679
2448 12622048 3774
2449 12625823 3828
2450 12629652 3856
2451 12633509 4060
2452 12637570 3877
2453 12641448 3802
2454 12645251 3826
2455 12649078 3844
2456 12652923 3763
2457 12656687 3802
2458 12660490 3820
2459 12664311 3816
2460 12668128 3863
2461 12671992 3702
2462 12675695 635
2463 12676331 5826
2464 12682158 691
2465 12682850 2811
2466 12685662 2874
2467 12688537 1099
2468 12689637 1282
2469 12690920 7587
2470 12698508 1491
2471 12700000 2303
2472 12702304 2103
2473 12704408 1464
2474 12705873 990
2475 12706864 1709
2476 12708574 2629
2477 12711204 1916
2478 12713121 17047
2479 12730169 1553
2480 12731723 4854
2481 12736578 2115
2482 12738694 2826
2483 12741521 6286
2484 12747808 540
2485 12748349 4040
2486 12752390 2048
2487 12754439 1219
2488 12755659 4665
2489 12760325 860
2490 12761186 2124
2491 12763311 1902
2492 12765214 4189
2493 12769404 4702
2494 12774107 9244
2495 12783352 4137
2496 12787490 2713
2497 12790204 851
2498 12791056 816
2499 12791873 915
2500 12792789 1059
2501 12793849 7405
2502 12801255 1298
2503 12802554 1076
2504 12803631 9078
2505 12812710 11267
2506 12823978 9252
2507 12833231 16007
2508 12849239 8754
2509 12857994 8446
2510 12866441 7381
2511 12873823 11292
2512 12885116 19505
2513 12904622 13555
2514 12918178 5483
2515 12923662 491
2516 12924154 831
2517 12924986 3195
2518 12928182 7341
2519 12935524 538
2520 12936063 1536
2521 12937600 3458
2522 12941059 2102
2523 12943162 9168
2524 12952331 8022
2525 12960354 8565
2526 12968920 4690
2527 12973611 2688
2528 12976300 4082
2529 12980383 5079
2530 12985463 7151
2531 12992615 3406
2532 12996022 2833
2533 12998856 678
2534 12999535 1051
2535 13000587 1639
2536 13002227 6677
2537 13008905 1347
2538 13010253 11450
2539 13021704 6347
2540 13028052 4438
2541 13032491 25805
2542 13058297 3749
2543 13062047 5142
2544 13067190 8405
2545 13075596 9772
2546 13085369 4632
2547 13090002 6372
2548 13096375 9598
2549 13105974 12846
2550 13118821 4691
2551 13123513 10959
2552 13134473 6273
2553 13140747 5110
2554 13145858 1756
2555 13147615 3815
2556 13151431 4766
2557 13156198 3709
2558 13159908 10717
2559 13170626 9915
2560 13180542 6849
2561 13187392 6110
2562 13193503 6588
2563 13200092 5806
2564 13205899 4099
2565 13209999 3908
2566 13213908 3504
2567 13217413 3843
2568 13221257 3333
2569 13224591 12277
2570 13236869 12844
2571 13249714 4230
2572 13253945 2862
2573 13256808 5573
2574 13262382 15919
2575 13278302 4294
2576 13282597 718
2577 13283316 1203
2578 13284520 4411
2579 13288932 4385
2580 13293318 2090
2581 13295409 13039
2582 13308449 6708
2583 13315158 8835
2584 13323994 7748
2585 13331743 10699
2586 13342443 215
2587 13342659 7006
2588 13349666 8949
2589 13358616 2343
2590 13360960 8165
2591 13369126 8297
2592 13377424 3898
2593 13381323 5758
2594 13387082 10269
2595 13397352 2548
2596 13399901 13745
2597 13413647 4688
2598 13418336 530
2599 13418867 1534
2600 13420402 3089
2601 13423492 3760
2602 13427253 1655
2603 13428909 2705
2604 13431615 2686
2605 13434302 518
2606 13434821 4154
2607 13438976 6076
2608 13445053 1742
2609 13446796 3597
2610 13450394 2459
2611 13452854 6027
2612 13458882 5784
2613 13464667 7770
2614 13472438 4943
2615 13477382 911
2616 13478294 1277
2617 13479572 2037
2618 13481610 4069
2619 13485680 3498
2620 13489179 610
2621 13489790 4063
2622 13493854 2914
2623 13496769 2857
2624 13499627 3509
2625 13503137 5616
2626 13508754 4651
2627 13513406 5098
2628 13518505 2711
2629 13521217 9172
2630 13530390 9410
2631 13539801 5552
2632 13545354 2027
2633 13547382 7359
2634 13554742 1998
2635 13556741 3492
2636 13560234 3738
2637 13563973 2612
2638 13566586 8370
2639 13574957 1312
2640 13576270 1888
2641 13578159 3092
2642 13581252 4564
2643 13585817 2029
2644 13587847 1205
2645 13589053 1225
2646 13590279 5293
2647 13595573 2787
2648 13598361 4020
2649 13602382 1142
2650 13603525 2028
2651 13605554 2150
2652 13607705 1343
2653 13609049 2898
2654 13611948 1590
2655 13613539 7325
2656 13620865 5302
2657 13626168 743
2658 13626912 538
2659 13627451 867
2660 13628319 678
2661 13628998 539
2662 13629538 577
2663 13630116 1347
2664 13631464 3530
2665 13634995 3745
2666 13638741 518
2667 13639260 2091
2668 13641352 1344
2669 13642697 3402
2670 13646100 6256
2671 13652357 3274
2672 13655632 5330
2673 13660963 3016
2674 13663980 3817
2675 13667798 3296
2676 13671095 3045
2677 13674141 2107
2678 13676249 1941
2679 13678191 3204
2680 13681396 3783
2681 13685180 217
2682 13685398 1948
2683 13687347 2178
2684 13689526 3815
2685 13693342 3806
2686 13697149 3628
2687 13700778 11158
2688 13711937 10081
2689 13722019 2057
2690 13724077 3830
2691 13727908 3454
2692 13731363 4224
2693 13735588 1523
2694 13737112 1464
2695 13738577 2359
2696 13740937 1956
2697 13742894 3108
2698 13746003 2767
2699 13748771 1925
2700 13750697 2394
2701 13753092 1305
2702 13754398 5527
2703 13759926 1250
2704 13761177 1966
2705 13763144 2674
2706 13765819 2430
2707 13768250 1226
2708 13769477 1149
2709 13770627 6830
2710 13777458 3179
2711 13780638 2606
2712 13783245 5254
2713 13788500 1927
2714 13790428 2582
2715 13793011 4787
2716 13797799 4740
2717 13802540 4499
2718 13807040 3100
2719 13810141 7707
2720 13817849 5825
2721 13823675 3541
2722 13827217 3356
2723 13830574 2378
2724 13832953 3507
2725 13836461 2187
2726 13838649 2052
2727 13840702 9201
2728 13849904 5422
2729 13855327 7538
2730 13862866 5454
2731 13868321 4872
2732 13873194 8280
2733 13881475 11965
2734 13893441 6345
2735 13899787 1446
2736 13901234 1871
2737 13903106 989
2738 13904096 5313
2739 13909410 2966
2740 13912377 684
2741 13913062 4204
2742 13917267 829
2743 13918097 3162
2744 13921260 747
2745 13922008 934
2746 13922943 4242
2747 13927186 3684
2748 13930871 1289
2749 13932161 1821
2750 13933983 1162
2751 13935146 1650
2752 13936797 892
2753 13937690 2512
2754 13940203 4398
2755 13944602 4696
2756 13949299 1124
2757 13950424 2256
2758 13952681 970
2759 13953652 1986
2760 13955639 907
2761 13956547 1207
2762 13957755 1497
2763 13959253 568
2764 13959822 3979
2765 13963802 1462
2766 13965265 4825
2767 13970091 2496
2768 13972588 2080
2769 13974669 2502
2770 13977172 2253
2771 13979426 3498
2772 13982925 1686
2773 13984612 1136
2774 13985749 2620
2775 13988370 2039
2776 13990410 1909
2777 13992320 4304
2778 13996625 14610
2779 14011236 2136
2780 14013373 6599
2781 14019973 13742
2782 14033716 9073
2783 14042790 3717
2784 14046508 4618
2785 14051127 3651
2786 14054779 5683
2787 14060463 1702
2788 14062166 9107
2789 14071274 3998
2790 14075273 1903
2791 14077177 9775
2792 14086953 6498
2793 14093452 2464
2794 14095917 4540
2795 14100458 7562
2796 14108021 2097
2797 14110119 3716
2798 14113836 4324
2799 14118161 1097
2800 14119259 2225
2801 14121485 2700
2802 14124186 732
2803 14124919 5957
2804 14130877 3333
2805 14134211 8950
2806 14143162 4022
2807 14147185 2048
2808 14149234 3429
2809 14152664 7595
2810 14160260 2639
2811 14162900 2736
2812 14165637 9667
2813 14175305 19344
2814 14194650 3115
2815 14197766 2752
2816 14200519 5375
2817 14205895 2260
2818 14208156 4266
2819 14212423 6595
2820 14219019 969
2821 14219989 4888
2822 14224878 8287
2823 14233166 5354
2824 14238521 6685
2825 14245207 929
2826 14246137 3794
2827 14249932 2958
2828 14252891 3593
2829 14256485 2549
2830 14259035 3709
2831 14262745 4695
2832 14267441 9639
2833 14277081 9646
2834 14286728 11538
2835 14298267 2162
2836 14300430 4805
2837 14305236 3027
2838 14308264 1657
2839 14309922 5795
2840 14315718 2040
2841 14317759 1932
2842 14319692 8401
2843 14328094 8804
2844 14336899 2767
2845 14339667 4502
2846 14344170 3157
2847 14347328 1953
2848 14349282 10658
2849 14359941 6291
2850 14366233 4892
2851 14371126 5315
2852 14376442 1329
2853 14377772 1865
2854 14379638 3614
2855 14383253 205
2856 14383459 3713
2857 14387173 2542
2858 14389716 7697
2859 14397414 7014
2860 14404429 6497
2861 14410927 8811
2862 14419739 3162
2863 14422902 2822
2864 14425725 1855
2865 14427581 7072
2866 14434654 3423
2867 14438078 2662
2868 14440741 1174
2869 14441916 11648
2870 14453565 10852
2871 14464418 9913
2872 14474332 6948
2873 14481281 8948
2874 14490230 2304
2875 14492535 531
2876 14493067 2786
2877 14495854 634
2878 14496489 6384
2879 14502874 4311
2880 14507186 2333
2881 14509520 9204
2882 14518725 6532
2883 14525258 1573
2884 14526832 7425
2885 14534258 2744
2886 14537003 7695
2887 14544699 4486
2888 14549186 2951
2889 14552138 6321
2890 14558460 9265
2891 14567726 2985
2892 14570712 4397
2893 14575110 3909
2894 14579020 1727
2895 14580748 6529
2896 14587278 5486
2897 14592765 5245
2898 14598011 8041
2899 14606053 1849
2900 14607903 2831
2901 14610735 2004
2902 14612740 3124
2903 14615865 6327
2904 14622193 991
2905 14623185 6648
2906 14629834 945
2907 14630780 1155
2908 14631936 796
2909 14632733 6320
2910 14639054 2852
2911 14641907 5086
2912 14646994 9077
2913 14656072 7362
2914 14663435 1839
2915 14665275 5498
2916 14670774 3608
2917 14674383 1517
2918 14675901 649
2919 14676551 3292
2920 14679844 9178
2921 14689023 2887
2922 14691911 2225
2923 14694137 5722
2924 14699860 1308
2925 14701169 4420
2926 14705590 700
2927 14706291 2561
2928 14708853 1546
2929 14710400 1143
2930 14711544 2525
2931 14714070 4369
2932 14718440 2934
2933 14721375 5439
2934 14726815 5873
2935 14732689 4472
2936 14737162 2769
2937 14739932 2075
2938 14742008 1077
2939 14743086 815
2940 14743902 2646
2941 14746549 5790
2942 14752340 955
2943 14753296 1815
2944 14755112 1742
2945 14756855 7480
2946 14764336 1214
2947 14765551 2234
2948 14767786 2439
2949 14770226 1401
2950 14771628 590
2951 14772219 5011
2952 14777231 6129
2953 14783361 11631
2954 14794993 1225
2955 14796219 2350
2956 14798570 1037
2957 14799608 1272
2958 14800881 2190
2959 14803072 2828
2960 14805901 5194
2961 14811096 2448
2962 14813545 3030
2963 14816576 20087
2964 14836664 2856
2965 14839521 1620
2966 14841142 2254
2967 14843397 1771
2968 14845169 1468
2969 14846638 7358
2970 14853997 4610
2971 14858608 12598
2972 14871207 2420
2973 14873628 1830
2974 14875459 1453
2975 14876913 3116
2976 14880030 1386
2977 14881417 3888
2978 14885306 1111
2979 14886418 1138
2980 14887557 1344
2981 14888902 2393
2982 14891296 1967
2983 14893264 2368
2984 14895633 3473
2985 14899107 207
2986 14899315 978
2987 14900294 7327
2988 14907622 5217
2989 14912840 6577
2990 14919418 4441
2991 14923860 3706
2992 14927567 2757
2993 14930325 30930
2994 14961256 3969
2995 14965226 5294
2996 14970521 2852
2997 14973374 1972
2998 14975347 4750
2999 14980098 1233
3000 14981332 2569
3001 14983902 2818
3002 14986721 2707
3003 14989429 1251
3004 14990681 1107
3005 14991789 862
3006 14992652 982
3007 14993635 997
3008 14994633 2361
3009 14996995 1745
3010 14998741 1154
3011 14999896 904
3012 15000801 1135
3013 15001937 1359
3014 15003297 1000
3015 15004298 1951
3016 15006250 2627
3017 15008878 1277
3018 15010156 2744
3019 15012901 2820
3020 15015722 3001
3021 15018724 1064
3022 15019789 3629
3023 15023419 2547
3024 15025967 4298
3025 15030266 3334
3026 15033601 5885
3027 15039487 3303
3028 15042791 924
3029 15043716 2331
3030 15046048 4631
3031 15050680 2316
3032 15052997 798
3033 15053796 5809
3034 15059606 1238
3035 15060845 6019
3036 15066865 878
3037 15067744 1622
3038 15069367 877
3039 15070245 3278
3040 15073524 6421
3041 15079946 830
3042 15080777 3424
3043 15084202 4041
3044 15088244 1251
3045 15089496 1085
3046 15090582 1806
3047 15092389 1539
3048 15093929 2501
3049 15096431 2500
3050 15098932 1752
3051 15100685 1383
3052 15102069 2914
3053 15104984 2441
3054 15107426 1572
3055 15108999 1865
3056 15110865 1085
3057 15111951 955
3058 15112907 3368
3059 15116276 1962
3060 15118239 1933
3061 15120173 2228
3062 15122402 1958
3063 15124361 3128
3064 15127490 1798
3065 15129289 3201
3066 15132491 3805
3067 15136297 521
3068 15136819 1109
3069 15137929 814
3070 15138744 2572
3071 15141317 1061
3072 15142379 2284
3073 15144664 1866
3074 15146531 1428
3075 15147960 728
3076 15148689 1681
3077 15150371 2542
3078 15152914 1570
3079 15154485 2290
3080 15156776 2393
3081 15159170 2253
3082 15161424 1071
3083 15162496 2524
3084 15165021 1430
3085 15166452 4190
3086 15170643 2113
3087 15172757 1794
3088 15174552 2253
3089 15176806 4217
3090 15181024 541
3091 15181566 834
3092 15182401 2568
3093 15184970 4243
3094 15189214 3562
3095 15192777 908
3096 15193686 4084
3097 15197771 3518
3098 15201290 1225
3099 15202516 2399
3100 15204916 2658
3101 15207575 1621
3102 15209197 218
3103 15209416 2818
3104 15212235 945
3105 15213181 1122
3106 15214304 15575
3107 15229880 6430
3108 15236311 13961
3109 15250273 734
3110 15251008 2767
3111 15253776 2049
3112 15255826 2606
3113 15258433 2782
3114 15261216 1775
3115 15262992 20061
3116 15283054 9036
3117 15292091 3569
3118 15295661 3551
3119 15299213 3392
3120 15302606 2100
3121 15304707 3359
3122 15308067 427
3123 15308495 2544
3124 15311040 2906
3125 15313947 13927
3126 15327875 1804
3127 15329680 4105
3128 15333786 2757
3129 15336544 2966
3130 15339511 926
3131 15340438 685
3132 15341124 20147
3133 15361272 3843
3134 15365116 227
3135 15365344 28633
3136 15393978 4211
3137 15398190 7398
3138 15405589 9328
3139 15414918 30309
3140 15445228 19680
3141 15464909 947
3142 15465857 613
3143 15466471 2321
3144 15468793 1611
3145 15470405 4962
3146 15475368 3312
3147 15478681 4045
3148 15482727 2497
3149 15485225 4588
3150 15489814 1141
3151 15490956 2000
3152 15492957 666
3153 15493624 418
3154 15494043 9916
3155 15503960 2297
3156 15506258 850
3157 15507109 30449
3158 15537559 3539
3159 15541099 928
3160 15542028 2582
3161 15544611 3120
3162 15547732 327
3163 15548060 7211
3164 15555272 19028
3165 15574301 5699
3166 15580001 1299
3167 15581301 2176
3168 15583478 2344
3169 15585823 2605
3170 15588429 2547
3171 15590977 1241
3172 15592219 8996
3173 15601216 3644
3174 15604861 2142
3175 15607004 2355
3176 15609360 22092
3177 15631453 849
3178 15632303 392
3179 15632696 1148
3180 15633845 3841
3181 15637687 1132
3182 15638820 3535
3183 15642356 3247
3184 15645604 1574
3185 15647179 1343
3186 15648523 2013
3187 15650537 2154
3188 15652692 1280
3189 15653973 1310
3190 15655284 3892
3191 15659177 549
3192 15659727 6467
3193 15666195 2571
3194 15668767 3669
3195 15672437 817
3196 15673255 1268
3197 15674524 2414
3198 15676939 686
3199 15677626 785
3200 15678412 5014
3201 15683427 791
3202 15684219 1105
3203 15685325 2948
3204 15688274 4420
3205 15692695 9688
3206 15702384 2200
3207 15704585 3175
3208 15707761 2110
3209 15709872 2291
3210 15712164 27052
3211 15739217 1904
3212 15741122 1784
3213 15742907 5384
3214 15748292 5474
3215 15753767 2511
3216 15756279 3422
3217 15759702 4786
3218 15764489 3737
3219 15768227 3390
3220 15771618 15498
3221 15787117 4154
3222 15791272 3607
3223 15794880 10167
3224 15805048 1692
3225 15806741 1513
3226 15808255 5878
3227 15814134 10970
3228 15825105 5264
3229 15830370 3866
3230 15834237 2209
3231 15836447 1320
3232 15837768 678
3233 15838447 1544
3234 15839992 4663
3235 15844656 2749
3236 15847406 1965
3237 15849372 8805
3238 15858178 6285
3239 15864464 5205
3240 15869670 1986
3241 15871657 6488
3242 15878146 2982
3243 15881129 2952
3244 15884082 7524
3245 15891607 1710
3246 15893318 2130
3247 15895449 2605
3248 15898055 1712
3249 15899768 1614
3250 15901383 10931
3251 15912315 7628
3252 15919944 3394
3253 15923339 3051
3254 15926391 1913
3255 15928305 5588
3256 15933894 8199
3257 15942094 3221
3258 15945316 591
3259 15945908 3670
3260 15949579 5137
3261 15954717 6923
3262 15961641 935
3263 15962577 2377
3264 15964955 4382
3265 15969338 3566
3266 15972905 2919
3267 15975825 5640
3268 15981466 5102
3269 15986569 7368
3270 15993938 1138
3271 15995077 3953
3272 15999031 1361
3273 16000393 7361
3274 16007755 3307
3275 16011063 4396
3276 16015460 4890
3277 16020351 2359
3278 16022711 6093
3279 16028805 2293
3280 16031099 1722
3281 16032822 15326
3282 16048149 9311
3283 16057461 5407
3284 16062869 1385
3285 16064255 5710
3286 16069966 1407
3287 16071374 6578
3288 16077953 4647
3289 16082601 4623
3290 16087225 9782
3291 16097008 1745
3292 16098754 3491
3293 16102246 15720
3294 16117967 9611
3295 16127579 3923
3296 16131503 7910
3297 16139414 13793
3298 16153208 3811
3299 16157020 14105
3300 16171126 5413
3301 16176540 3237
3302 16179778 3740
3303 16183519 4253
3304 16187773 3610
3305 16191384 14610
3306 16205995 3057
3307 16209053 4825
3308 16213879 4108
3309 16217988 2626
3310 16220615 2729
3311 16223345 3575
3312 16226921 3473
3313 16230395 19800
3314 16250196 4003
3315 16254200 1257
3316 16255458 4177
3317 16259636 3679
3318 16263316 5352
3319 16268669 4324
3320 16272994 3798
3321 16276793 4376
3322 16281170 3073
3323 16284244 1693
3324 16285938 4308
3325 16290247 3740
3326 16293988 3182
3327 16297171 4001
3328 16301173 4163
3329 16305337 3547
3330 16308885 3647
3331 16312533 3809
3332 16316343 4008
3333 16320352 3475
3334 16323828 4314
3335 16328143 10515
3336 16338659 3767
3337 16342427 4723
3338 16347151 3507
3339 16350659 4025
3340 16354685 4780
3341 16359466 4189
3342 16363656 3955
3343 16367612 3482
3344 16371095 2849
3345 16373945 3094
3346 16377040 3136
3347 16380177 4065
3348 16384243 3271
3349 16387515 19360
3350 16406876 4358
3351 16411235 3411
3352 16414647 1557
3353 16416205 3457
3354 16419663 3519
3355 16423183 19545
3356 16442729 4677
3357 16447407 1514
3358 16448922 3417
3359 16452340 4852
3360 16457193 4150
3361 16461344 3346
3362 16464691 1230
3363 16465922 3457
3364 16469380 5449
3365 16474830 3779
3366 16478610 5069
3367 16483680 3175
3368 16486856 3293
3369 16490150 3642
3370 16493793 3734
3371 16497528 3484
3372 16501013 2740
3373 16503754 3242
3374 16506997 3650
3375 16510648 3199
3376 16513848 3554
3377 16517403 18943
3378 16536347 4520
3379 16540868 3785
3380 16544654 3625
3381 16548280 1598
3382 16549879 4333
3383 16554213 1242
3384 16555456 936
3385 16556393 2964
3386 16559358 4075
3387 16563434 3553
3388 16566988 2852
3389 16569841 3532
3390 16573374 2616
3391 16575991 1113
3392 16577105 4226
3393 16581332 19818
3394 16601151 3831
3395 16604983 4826
3396 16609810 3333
3397 16613144 4819
3398 16617964 3319
3399 16621284 3279
3400 16624564 3651
3401 16628216 8081
3402 16636298 11545
3403 16647844 2043
3404 16649888 3603
3405 16653492 5165
3406 16658658 5330
3407 16663989 5158
3408 16669148 6336
3409 16675485 1029
3410 16676515 7194
3411 16683710 2939
3412 16686650 9531
3413 16696182 4215
3414 16700398 6420
3415 16706819 2881
3416 16709701 1590
3417 16711292 2917
3418 16714210 3397
3419 16717608 1768
3420 16719377 5550
3421 16724928 9068
3422 16733997 183
3423 16734181 2289
3424 16736471 8416
3425 16744888 6794
3426 16751683 6456
3427 16758140 3685
3428 16761826 3378
3429 16765205 2884
3430 16768090 3410
3431 16771501 466
3432 16771968 2164
3433 16774133 3922
3434 16778056 3611
3435 16781668 2906
3436 16784575 3575
3437 16788151 2692
3438 16790844 6557
3439 16797402 9418
3440 16806821 8435
3441 16815257 10522
3442 16825780 9689
3443 16835470 10271
3444 16845742 7953
3445 16853696 5469
3446 16859166 6239
3447 16865406 7488
3448 16872895 3546
3449 16876442 3985
3450 16880428 2366
3451 16882795 1553
3452 16884349 1658
3453 16886008 3147
3454 16889156 3509
3455 16892666 7595
3456 16900262 6337
3457 16906600 5932
3458 16912533 3568
3459 16916102 4589
3460 16920692 3479
3461 16924172 11599
3462 16935772 5147
3463 16940920 6636
3464 16947557 4801
3465 16952359 1066
3466 16953426 4162
3467 16957589 3653
3468 16961243 3438
3469 16964682 4307
3470 16968990 4900
3471 16973891 4553
3472 16978445 7981
3473 16986427 2241
3474 16988669 5533
3475 16994203 4373
3476 16998577 6527
3477 17005105 4785
3478 17009891 2163
3479 17012055 2139
3480 17014195 1489
3481 17015685 3309
3482 17018995 4591
3483 17023587 4130
3484 17027718 6231
3485 17033950 8573
3486 17042524 1849
3487 17044374 5776
3488 17050151 7270
3489 17057422 1281
3490 17058704 3416
3491 17062121 4103
3492 17066225 1622
3493 17067848 7290
3494 17075139 2750
3495 17077890 10135
3496 17088026 4288
3497 17092315 5800
3498 17098116 810
3499 17098927 3752
3500 17102680 1971
3501 17104652 9917
3502 17114570 7616
3503 17122187 9217
3504 17131405 12148
3505 17143554 16283
3506 17159838 9209
3507 17169048 14011
3508 17183060 12833
3509 17195894 8187
3510 17204082 20978
3511 17225061 13085
3512 17238147 44811
3513 17282959 22806
3514 17305766 21867
3515 17327634 8627
3516 17336262 8505
3517 17344768 4224
3518 17348993 3225
3519 17352219 12857
3520 17365077 4574
3521 17369652 2371
3522 17372024 2427
3523 17374452 659
3524 17375112 1376
3525 17376489 10082
3526 17386572 21761
3527 17408334 871
3528 17409206 3513
3529 17412720 3834
3530 17416555 1422
3531 17417978 1067
3532 17419046 5759
3533 17424806 1212
3534 17426019 910
3535 17426930 10820
3536 17437751 1355
3537 17439107 17725
3538 17456833 9473
3539 17466307 2843
3540 17469151 3970
3541 17473122 1355
3542 17474478 4598
3543 17479077 5955
3544 17485033 1059
3545 17486093 877
3546 17486971 2301
3547 17489273 8165
3548 17497439 3254
3549 17500694 1841
3550 17502536 529
3551 17503066 1547
3552 17504614 2275
3553 17506890 3807
3554 17510698 5933
3555 17516632 1329
3556 17517962 3167
3557 17521130 1239
3558 17522370 1313
3559 17523684 1103
3560 17524788 5535
3561 17530324 929
3562 17531254 4363
3563 17535618 342
3564 17535961 8874
3565 17544836 3589
3566 17548426 1605
3567 17550032 1337
3568 17551370 6394
3569 17557765 4071
3570 17561837 1249
3571 17563087 2942
3572 17566030 2655
3573 17568686 1778
3574 17570465 4109
3575 17574575 12815
3576 17587391 1473
3577 17588865 4028
3578 17592894 3578
3579 17596473 1363
3580 17597837 1086
3581 17598924 3957
3582 17602882 6871
3583 17609754 12937
3584 17622692 1582
3585 17624275 1516
3586 17625792 1451
3587 17627244 2429
3588 17629674 2156
3589 17631831 1745
3590 17633577 1762
3591 17635340 1153
3592 17636494 1634
3593 17638129 803
3594 17638933 7019
3595 17645953 8126
3596 17654080 1475
3597 17655556 1081
3598 17656638 4665
3599 17661304 2420
3600 17663725 1163
3601 17664889 6432
3602 17671322 1768
3603 17673091 7549
3604 17680641 2163
3605 17682805 6386
3606 17689192 3989
3607 17693182 1389
3608 17694572 8329
3609 17702902 6890
3610 17709793 9525
3611 17719319 3638
3612 17722958 2221
3613 17725180 3387
3614 17728568 4724
3615 17733293 1677
3616 17734971 2144
3617 17737116 1006
3618 17738123 5443
3619 17743567 1975
3620 17745543 1505
3621 17747049 1860
3622 17748910 1174
3623 17750085 1181
3624 17751267 6962
3625 17758230 3760
3626 17761991 1026
3627 17763018 2476
3628 17765495 2235
3629 17767731 3226
3630 17770958 2591
3631 17773550 30046
3632 17803597 1100
3633 17804698 1750
3634 17806449 5113
3635 17811563 1254
3636 17812818 1654
3637 17814473 1735
3638 17816209 2414
3639 17818624 1682
3640 17820307 1586
3641 17821894 2643
3642 17824538 3226
3643 17827765 4668
3644 17832434 1788
3645 17834223 959
3646 17835183 1498
3647 17836682 2058
3648 17838741 1532
3649 17840274 1804
3650 17842079 1292
3651 17843372 1911
3652 17845284 1627
3653 17846912 864
3654 17847777 2722
3655 17850500 1879
3656 17852380 6159
3657 17858540 2733
3658 17861274 1408
3659 17862683 1210
3660 17863894 2692
3661 17866587 1461
3662 17868049 2321
3663 17870371 1472
3664 17871844 1344
3665 17873189 2196
3666 17875386 1525
3667 17876912 1720
3668 17878633 5224
3669 17883858 2592
3670 17886451 5614
3671 17892066 1680
3672 17893747 1302
3673 17895050 2975
3674 17898026 1607
3675 17899634 2795
3676 17902430 1299
3677 17903730 866
3678 17904597 1613
3679 17906211 4001
3680 17910213 3242
3681 17913456 2991
3682 17916448 3363
3683 17919812 2718
3684 17922531 1413
3685 17923945 1376
3686 17925322 890
3687 17926213 2171
3688 17928385 1633
3689 17930019 1096
3690 17931116 3330
3691 17934447 3207
3692 17937655 3784
3693 17941440 1760
3694 17943201 4878
3695 17948080 3870
3696 17951951 1773
3697 17953725 1791
3698 17955517 975
3699 17956493 1276
3700 17957770 991
3701 17958762 1168
3702 17959931 5092
3703 17965024 2287
3704 17967312 1861
3705 17969174 1135
3706 17970310 1298
3707 17971609 1244
3708 17972854 4189
3709 17977044 1512
3710 17978557 2695
3711 17981253 2147
3712 17983401 1105
3713 17984507 1840
3714 17986348 5005
3715 17991354 2344
3716 17993699 3764
3717 17997464 2432
3718 17999897 2057
3719 18001955 2527
3720 18004483 3453
3721 18007937 2479
3722 18010417 2534
3723 18012952 20283
3724 18033236 8414
3725 18041651 4387
3726 18046039 4491
3727 18050531 4160
3728 18054692 1550
3729 18056243 4502
3730 18060746 1380
3731 18062127 1198
3732 18063326 1496
3733 18064823 7444
3734 18072268 2196
3735 18074465 18043
3736 18092509 8896
3737 18101406 5693
3738 18107100 4041
3739 18111142 3578
3740 18114721 2070
3741 18116792 16390
3742 18133183 4477
3743 18137661 1170
3744 18138832 1944
3745 18140777 1370
3746 18142148 8193
3747 18150342 5189
3748 18155532 6861
3749 18162394 1946
3750 18164341 8222
3751 18172564 7579
3752 18180144 8523
3753 18188668 4995
3754 18193664 6762
3755 18200427 15109
3756 18215537 7559
3757 18223097 5099
3758 18228197 1387
3759 18229585 1588
3760 18231174 2170
3761 18233345 1364
3762 18234710 835
3763 18235546 6389
3764 18241936 2150
3765 18244087 8315
3766 18252403 4241
3767 18256645 1894
3768 18258540 5255
3769 18263796 5487
3770 18269284 9134
3771 18278419 4710
3772 18283130 9543
3773 18292674 3790
3774 18296465 1091
3775 18297557 1443
3776 18299001 1376
3777 18300378 9097
3778 18309476 314
3779 18309791 1746
3780 18311538 786
3781 18312325 1473
3782 18313799 12571
3783 18326371 8051
3784 18334423 4096
3785 18338520 5018
3786 18343539 4481
3787 18348021 8958
3788 18356980 2235
3789 18359216 5382
3790 18364599 2943
3791 18367543 3128
3792 18370672 1699
3793 18372372 8109
3794 18380482 3707
3795 18384190 14189
3796 18398380 3300
3797 18401681 3894
3798 18405576 4330
3799 18409907 11610
3800 18421518 947
3801 18422466 8021
3802 18430488 6283
3803 18436772 799
3804 18437572 5699
3805 18443272 15717
3806 18458990 933
3807 18459924 6082
3808 18466007 694
3809 18466702 5278
3810 18471981 8079
3811 18480061 1458
3812 18481520 4380
3813 18485901 718
3814 18486620 8930
3815 18495551 1377
3816 18496929 6717
3817 18503647 8223
3818 18511871 3719
3819 18515591 5024
3820 18520616 3504
3821 18524121 1892
3822 18526014 995
3823 18527010 1414
3824 18528425 1173
3825 18529599 2102
3826 18531702 1302
3827 18533005 1741
3828 18534747 1811
3829 18536559 2185
3830 18538745 1807
3831 18540553 7670
3832 18548224 18358
3833 18566583 3882
3834 18570466 4414
3835 18574881 3349
3836 18578231 3552
3837 18581784 10516
3838 18592301 4068
3839 18596370 1222
3840 18597593 897
3841 18598491 1509
3842 18600001 970
3843 18600972 1978
3844 18602951 4467
3845 18607419 1635
3846 18609055 6247
3847 18615303 7703
3848 18623007 1998
3849 18625006 4008
3850 18629015 2678
3851 18631694 4776
3852 18636471 8853
3853 18645325 4982
3854 18650308 7980
3855 18658289 4790
3856 18663080 10044
3857 18673125 2217
3858 18675343 1622
3859 18676966 2106
3860 18679073 1881
3861 18680955 2442
3862 18683398 2900
3863 18686299 2588
3864 18688888 13307
3865 18702196 2495
3866 18704692 2266
3867 18706959 2520
3868 18709480 3092
3869 18712573 1593
3870 18714167 10166
3871 18724334 9658
3872 18733993 4726
3873 18738720 7006
3874 18745727 3666
3875 18749394 3433
3876 18752828 2853
3877 18755682 5884
3878 18761567 3090
3879 18764658 5865
3880 18770524 4779
3881 18775304 13741
3882 18789046 3837
3883 18792884 2976
3884 18795861 1630
3885 18797492 8115
3886 18805608 5698
3887 18811307 12509
3888 18823817 3822
3889 18827640 2211
3890 18829852 5474
3891 18835327 5856
3892 18841184 7934
3893 18849119 10149
3894 18859269 3609
3895 18862879 3395
3896 18866275 2191
3897 18868467 391
3898 18868859 3790
3899 18872650 2037
3900 18874688 1490
3901 18876179 7385
3902 18883565 1027
3903 18884593 951
3904 18885545 1684
3905 18887230 3285
3906 18890516 1832
3907 18892349 4068
3908 18896418 2177
3909 18898596 4034
3910 18902631 1404
3911 18904036 4927
3912 18908964 2609
3913 18911574 1760
3914 18913335 1983
3915 18915319 1492
3916 18916812 2684
3917 18919497 2752
3918 18922250 1924
3919 18924175 2443
3920 18926619 7169
3921 18933789 1561
3922 18935351 1152
3923 18936504 1152
3924 18937657 1144
3925 18938802 1152
3926 18939955 1152
3927 18941108 1152
3928 18942261 1152
3929 18943414 1152
3930 18944567 1152
3931 18945720 795
3932 18946516 1127
3933 18947644 8087
3934 18955732 5553
3935 18961286 1327
3936 18962614 2011
3937 18964626 4762
3938 18969389 6792
3939 18976182 8193
3940 18984376 3923
3941 18988300 5497
3942 18993798 1251
3943 18995050 8863
3944 19003914 6023
3945 19009938 2067
3946 19012006 4462
3947 19016469 1949
3948 19018419 9311
3949 19027731 2407
3950 19030139 1275
3951 19031415 2928
3952 19034344 2162
3953 19036507 3019
3954 19039527 945
3955 19040473 3775
3956 19044249 2601
3957 19046851 1519
3958 19048371 3414
3959 19051786 1661
3960 19053448 6379
3961 19059828 2473
3962 19062302 2160
3963 19064463 5079
3964 19069543 8575
3965 19078119 5197
3966 19083317 1095
3967 19084413 1307
3968 19085721 1470
3969 19087192 2473
3970 19089666 2369
3971 19092036 1827
3972 19093864 3510
3973 19097375 2427
3974 19099803 3934
3975 19103738 3762
3976 19107501 444
3977 19107946 13394
3978 19121341 9611
3979 19130953 2469
3980 19133423 2091
3981 19135515 2439
3982 19137955 2663
3983 19140619 6390
3984 19147010 8005
3985 19155016 5237
3986 19160254 5955
3987 19166210 4567
3988 19170778 2503
3989 19173282 2491
3990 19175774 7422
3991 19183197 8519
3992 19191717 5413
3993 19197131 651
3994 19197783 2802
3995 19200586 3253
3996 19203840 1142
3997 19204983 1785
3998 19206769 1928
3999 19208698 644
4000 19209343 485
4001 19209829 608
4002 19210438 2580
4003 19213019 2522
4004 19215542 1925
4005 19217468 5777
4006 19223246 2040
4007 19225287 3828
4008 19229116 8141
4009 19237258 4195
4010 19241454 2391
4011 19243846 1581
4012 19245428 3016
4013 19248445 1783
4014 19250229 8314
4015 19258544 1703
4016 19260248 1483
4017 19261732 3268
4018 19265001 1207
4019 19266209 1783
4020 19267993 4560
4021 19272554 1086
4022 19273641 4227
4023 19277869 1830
4024 19279700 2152
4025 19281853 216
4026 19282070 4962
4027 19287033 2636
4028 19289670 2606
4029 19292277 366
4030 19292644 1532
4031 19294177 1505
4032 19295683 2194
4033 19297878 1498
4034 19299377 1086
4035 19300464 2672
4036 19303137 1020
4037 19304158 334
4038 19304493 4582
4039 19309076 1289
4040 19310366 898
4041 19311265 3923
4042 19315189 1345
4043 19316535 3133
4044 19319669 2628
4045 19322298 541
4046 19322840 1294
4047 19324135 1243
4048 19325379 2503
4049 19327883 1202
4050 19329086 8154
4051 19337241 595
4052 19337837 1340
4053 19339178 7420
4054 19346599 3873
4055 19350473 3720
4056 19354194 3472
4057 19357667 7014
4058 19364682 4927
4059 19369610 1665
4060 19371276 1599
4061 19372876 2042
4062 19374919 1347
4063 19376267 511
4064 19376779 1360
4065 19378140 2302
4066 19380443 4497
4067 19384941 1543
4068 19386485 11563
4069 19398049 2058
4070 19400108 821
4071 19400930 923
4072 19401854 1064
4073 19402919 1829
4074 19404749 720
4075 19405470 11576
4076 19417047 1787
4077 19418835 2969
4078 19421805 3750
4079 19425556 954
4080 19426511 2214
4081 19428726 1233
4082 19429960 4767
4083 19434728 315
4084 19435044 7060
4085 19442105 1047
4086 19443153 1786
4087 19444940 2571
4088 19447512 1489
4089 19449002 1250
4090 19450253 6684
4091 19456938 3544
4092 19460483 1011
4093 19461495 3539
4094 19465035 1657
4095 19466693 3000
4096 19469694 1324
4097 19471019 513
4098 19471533 780
4099 19472314 4841
4100 19477156 1238
4101 19478395 6451
4102 19484847 2696
4103 19487544 448
4104 19487993 4247
4105 19492241 525
4106 19492767 1491
4107 19494259 2130
4108 19496390 2800
4109 19499191 3180
4110 19502372 1380
4111 19503753 1538
4112 19505292 1140
4113 19506433 1455
4114 19507889 2354
4115 19510244 595
4116 19510840 1957
4117 19512798 1563
4118 19514362 2562
4119 19516925 2009
4120 19518935 3754
4121 19522690 944
4122 19523635 1209
4123 19524845 1928
4124 19526774 1440
4125 19528215 3813
4126 19532029 5720
4127 19537750 2242
4128 19539993 2904
4129 19542898 1506
4130 19544405 5752
4131 19550158 2660
4132 19552819 1289
4133 19554109 1267
4134 19555377 1336
4135 19556714 7957
4136 19564672 1714
4137 19566387 2832
4138 19569220 1244
4139 19570465 1432
4140 19571898 5126
4141 19577025 3043
4142 19580069 1298
4143 19581368 2790
4144 19584159 1445
4145 19585605 931
4146 19586537 2777
4147 19589315 1496
4148 19590812 909
4149 19591722 3002
4150 19594725 1224
4151 19595950 8781
4152 19604732 2610
4153 19607343 1626
4154 19608970 2236
4155 19611207 1992
4156 19613200 6255
4157 19619456 2080
4158 19621537 1568
4159 19623106 3149
4160 19626256 4061
4161 19630318 2685
4162 19633004 2884
4163 19635889 1038
4164 19636928 1420
4165 19638349 5507
4166 19643857 1648
4167 19645506 3620
4168 19649127 2082
4169 19651210 5810
4170 19657021 6782
4171 19663804 1222
4172 19665027 1521
4173 19666549 358
4174 19666908 2200
4175 19669109 1743
4176 19670853 2947
4177 19673801 1221
4178 19675023 1961
4179 19676985 923
4180 19677909 1869
4181 19679779 2968
4182 19682748 6887
4183 19689636 2662
4184 19692299 1564
4185 19693864 1769
4186 19695634 1706
4187 19697341 961
4188 19698303 8960
4189 19707264 5611
4190 19712876 5669
4191 19718546 5486
4192 19724033 6743
4193 19730777 2074
4194 19732852 19457
4195 19752310 7681
4196 19759992 1820
4197 19761813 1238
4198 19763052 3036
4199 19766089 1858
4200 19767948 2693
4201 19770642 4175
4202 19774818 1413
4203 19776232 595
4204 19776828 6572
4205 19783401 2416
4206 19785818 1829
4207 19787648 3347
4208 19790996 1889
4209 19792886 13759
4210 19806646 542
4211 19807189 1640
4212 19808830 3031
4213 19811862 2368
4214 19814231 2832
4215 19817064 18374
4216 19835439 6364
4217 19841804 3592
4218 19845397 6869
4219 19852267 10191
4220 19862459 2187
4221 19864647 3684
4222 19868332 2345
4223 19870678 3717
4224 19874396 2956
4225 19877353 3783
4226 19881137 1631
4227 19882769 10148
4228 19892918 2153
4229 19895072 4996
4230 19900069 2429
4231 19902499 1523
4232 19904023 7967
4233 19911991 6804
4234 19918796 4462
4235 19923259 9627
4236 19932887 6422
4237 19939310 5747
4238 19945058 2887
4239 19947946 5692
4240 19953639 10460
4241 19964100 4325
4242 19968426 6175
4243 19974602 4649
4244 19979252 2286
4245 19981539 3441
4246 19984981 8916
4247 19993898 1817
4248 19995716 5752
4249 20001469 4059
4250 20005529 4064
4251 20009594 2622
4252 20012217 378
4253 20012596 1867
4254 20014464 7414
4255 20021879 4460
4256 20026340 2440
4257 20028781 1754
4258 20030536 3098
4259 20033635 3537
4260 20037173 2803
4261 20039977 5250
4262 20045228 1187
4263 20046416 1173
4264 20047590 3125
4265 20050716 7632
4266 20058349 7665
4267 20066015 1200
4268 20067216 6047
4269 20073264 1703
4270 20074968 2340
4271 20077309 4849
4272 20082159 1734
4273 20083894 3368
4274 20087263 1938
4275 20089202 1182
4276 20090385 2652
4277 20093038 681
4278 20093720 2811
4279 20096532 5221
4280 20101754 197
4281 20101952 1667
4282 20103620 2845
4283 20106466 4173
4284 20110640 1262
4285 20111903 1122
4286 20113026 1629
4287 20114656 1193
4288 20115850 1673
4289 20117524 835
4290 20118360 876
4291 20119237 3838
4292 20123076 841
4293 20123918 3125
4294 20127044 7856
4295 20134901 2558
4296 20137460 1517
4297 20138978 3172
4298 20142151 1169
4299 20143321 2710
4300 20146032 2362
4301 20148395 1357
4302 20149753 1040
4303 20150794 3683
4304 20154478 3083
4305 20157562 1475
4306 20159038 8364
4307 20167403 1474
4308 20168878 2067
4309 20170946 967
4310 20171914 1677
4311 20173592 1636
4312 20175229 925
4313 20176155 2438
4314 20178594 9657
4315 20188252 3970
